# Fix print output for fix out1
1.43959955834398e-16 -0.0229542400722875
0.000100000000000144 -0.0196620029995208
0.000200000000000144 -0.00555067793090225
0.000300000000000144 0.00156780188312098
0.000400000000000144 0.0124616269722801
0.000500000000000143 0.0311097033682874
0.000600000000000143 0.0459329001771298
0.000700000000000143 0.0630112947580326
0.000800000000000143 0.0623797863407485
0.000900000000000143 0.0505076036853925
0.00100000000000014 0.0395257453945569
0.00110000000000014 0.0383586415221917
0.00120000000000014 0.0339418540119524
0.00130000000000014 0.0360575941526251
0.00140000000000014 0.035299366053574
0.00150000000000014 0.0400525884149854
0.00160000000000014 0.0668550436829262
0.00170000000000014 0.0756167738490459
0.00180000000000014 0.0765007702913585
0.00190000000000014 0.0818450620692708
0.00200000000000014 0.0947620694036019
0.00210000000000014 0.0983030886321791
0.00220000000000014 0.100612057487741
0.00230000000000014 0.0859153019486362
0.00240000000000014 0.0825751273910154
0.00250000000000014 0.0854553072004399
0.00260000000000014 0.100666806162601
0.00270000000000014 0.125569459692887
0.00280000000000014 0.124202983410297
0.00290000000000014 0.124737374255975
0.00300000000000014 0.133251157984787
0.00310000000000014 0.159163936297903
0.00320000000000014 0.16755392505642
0.00330000000000014 0.174282898605099
0.00340000000000014 0.169154469542346
0.00350000000000014 0.156773012930985
0.00360000000000014 0.154986891457357
0.00370000000000014 0.171165736239642
0.00380000000000014 0.168944582613494
0.00390000000000014 0.187849003757534
0.00400000000000014 0.194628989801944
0.00410000000000014 0.180137086567875
0.00420000000000014 0.181430396473418
0.00430000000000014 0.172781629128437
0.00440000000000014 0.178886618359184
0.00450000000000014 0.195071775813604
0.00460000000000014 0.200974084149232
0.00470000000000014 0.202479305725807
0.00480000000000014 0.212860582468939
0.00490000000000014 0.208359984308459
0.00500000000000014 0.215453273351415
0.00510000000000014 0.220636368111434
0.00520000000000014 0.230770760161768
0.00530000000000014 0.230163156750903
0.00540000000000014 0.247804207401357
0.00550000000000014 0.26823771513486
0.00560000000000014 0.29699487451078
0.00570000000000014 0.322559221029476
0.00580000000000014 0.323349098222096
0.00590000000000014 0.314366417043808
0.00600000000000014 0.295759051401632
0.00610000000000014 0.295645672686838
0.00620000000000014 0.302065055334247
0.00630000000000014 0.300294879668135
0.00640000000000014 0.295449483823745
0.00650000000000014 0.299835457418712
0.00660000000000014 0.298182995023478
0.00670000000000014 0.295509225779915
0.00680000000000014 0.30223326128557
0.00690000000000014 0.313404845026821
0.00700000000000014 0.318275619113239
0.00710000000000014 0.341834980321331
0.00720000000000014 0.32684658414414
0.00730000000000014 0.344722754885004
0.00740000000000014 0.348150413008906
0.00750000000000014 0.358294940413522
0.00760000000000014 0.375042654899376
0.00770000000000014 0.37925680993416
0.00780000000000014 0.393177421769795
0.00790000000000014 0.39582012626607
0.00800000000000014 0.381740072495055
0.00810000000000014 0.383312249284532
0.00820000000000014 0.382576517815345
0.00830000000000014 0.3860649427123
0.00840000000000013 0.387929599867898
0.00850000000000014 0.404915621924842
0.00860000000000014 0.405128210548596
0.00870000000000013 0.399490754255034
0.00880000000000014 0.406814956165651
0.00890000000000014 0.424243688185088
0.00900000000000013 0.44883454162173
0.00910000000000013 0.436193760079921
0.00920000000000014 0.448941391838391
0.00930000000000013 0.451739406150903
0.00940000000000013 0.447806717661614
0.00950000000000014 0.452867618654142
0.00960000000000013 0.451230642282514
0.00970000000000013 0.453109709140758
0.00980000000000013 0.4595504136323
0.00990000000000013 0.470360405536813
0.0100000000000001 0.482377737674805
0.0101000000000001 0.496273397849981
0.0102000000000001 0.522101597197594
0.0103000000000001 0.537111872090985
0.0104000000000001 0.545872692714256
0.0105000000000001 0.535720943046892
0.0106000000000001 0.511880738202982
0.0107000000000001 0.509071407365592
0.0108000000000001 0.498762727315957
0.0109000000000001 0.494807988011601
0.0110000000000001 0.489264172072394
0.0111000000000001 0.503151558159658
0.0112000000000001 0.508162794256897
0.0113000000000001 0.537179081140558
0.0114000000000001 0.543446678260753
0.0115000000000001 0.551071347810981
0.0116000000000001 0.568549264445169
0.0117000000000001 0.598005662682817
0.0118000000000001 0.615289847415771
0.0119000000000001 0.610641183838032
0.0120000000000001 0.601003106448992
0.0121000000000001 0.590726637896433
0.0122000000000001 0.58507387543577
0.0123000000000001 0.575682548704617
0.0124000000000001 0.583198995649414
0.0125000000000001 0.581580937274428
0.0126000000000001 0.5891857847295
0.0127000000000001 0.5803529999956
0.0128000000000001 0.586594173557687
0.0129000000000001 0.596497985865624
0.0130000000000001 0.604392452314371
0.0131000000000001 0.632688454006991
0.0132000000000001 0.658850899967646
0.0133000000000001 0.668354672397416
0.0134000000000001 0.685583356183544
0.0135000000000001 0.688020605464316
0.0136000000000001 0.678176764342553
0.0137000000000001 0.677071730827716
0.0138000000000001 0.672760036804375
0.0139000000000001 0.673862737919642
0.0140000000000001 0.674063924639955
0.0141000000000001 0.684330624254283
0.0142000000000001 0.695722305983374
0.0143000000000001 0.702155927486589
0.0144000000000001 0.704632737995274
0.0145000000000001 0.7026235017795
0.0146000000000001 0.692514460386429
0.0147000000000001 0.682685255958691
0.0148000000000001 0.677223892337045
0.0149000000000001 0.686863025406434
0.0150000000000001 0.716901933212401
0.0151000000000001 0.733828127465678
0.0152000000000001 0.727998164497068
0.0153000000000001 0.748855584423086
0.0154000000000001 0.749271511681397
0.0155000000000001 0.755998158313861
0.0156000000000001 0.763286012337319
0.0157000000000001 0.771477128633924
0.0158000000000001 0.769862213139109
0.0159000000000001 0.776462646628428
0.0160000000000001 0.754942042596012
0.0161000000000001 0.772109549602579
0.0162000000000001 0.758262805143481
0.0163000000000001 0.766286124618798
0.0164000000000001 0.776979991066778
0.0165000000000001 0.792617815495355
0.0166000000000001 0.796325916301418
0.0167000000000001 0.814223566379859
0.0168000000000001 0.817019513803142
0.0169000000000001 0.835938616704155
0.0170000000000001 0.857103489976991
0.0171000000000001 0.86769832132462
0.0172000000000001 0.875555080305359
0.0173000000000001 0.884925385142134
0.0174000000000001 0.887016093718397
0.0175000000000001 0.884737753512986
0.0176000000000001 0.881206020460902
0.0177000000000001 0.866259163896371
0.0178000000000001 0.877472236706436
0.0179000000000001 0.877476321700424
0.0180000000000001 0.866607082432302
0.0181000000000001 0.87061808535904
0.0182000000000001 0.891002207289411
0.0183000000000001 0.879229624388855
0.0184000000000001 0.903513591508401
0.0185000000000001 0.9133840662496
0.0186000000000001 0.930539411744234
0.0187000000000001 0.942425561580849
0.0188000000000001 0.925458215144749
0.0189000000000001 0.945083441667759
0.0190000000000001 0.951105505414865
0.0191000000000001 0.965576591669735
0.0192000000000001 0.985442262898984
0.0193000000000001 0.988167909233557
0.0194000000000001 0.975084512846542
0.0195000000000001 0.988042297942596
0.0196000000000001 0.986473608865111
0.0197000000000001 0.974629130515968
0.0198000000000001 0.988480186385934
0.0199000000000001 0.989532745091277
0.0200000000000001 1.00169394376073
0.0201000000000001 0.996044099375006
0.0202000000000001 1.00120646916314
0.0203000000000001 0.996115510625703
0.0204000000000001 0.998033221549433
0.0205000000000001 1.00692971481197
0.0206000000000001 1.00891405405481
0.0207000000000001 1.02192383609612
0.0208000000000001 1.02445794869196
0.0209000000000001 1.03741017380913
0.0210000000000001 1.06104613768014
0.0211000000000001 1.06183428346348
0.0212000000000001 1.06164720311808
0.0213000000000001 1.07403804074033
0.0214000000000001 1.07234382235279
0.0215000000000001 1.08684071844271
0.0216000000000001 1.08148460680411
0.0217000000000001 1.06881751554326
0.0218000000000001 1.07264961558884
0.0219000000000001 1.08213812621799
0.0220000000000001 1.08443553399274
0.0221000000000001 1.09367193017492
0.0222000000000001 1.09331077042868
0.0223000000000001 1.11005023240604
0.0224000000000001 1.12650024036591
0.0225000000000001 1.13196709488746
0.0226000000000001 1.15442957259471
0.0227000000000001 1.16779515040699
0.0228000000000001 1.17120591187817
0.0229000000000001 1.20621282859563
0.0230000000000001 1.19620896067293
0.0231000000000001 1.17386953036759
0.0232000000000001 1.1846217776677
0.0233000000000001 1.17559930403146
0.0234000000000001 1.17963076551908
0.0235000000000001 1.17319222632448
0.0236000000000001 1.16730480234111
0.0237000000000001 1.17556336826611
0.0238000000000001 1.18140708146931
0.0239000000000001 1.18626996567794
0.0240000000000001 1.18288546452676
0.0241000000000001 1.20609612652386
0.0242000000000001 1.21133866146273
0.0243000000000001 1.21559156288511
0.0244000000000001 1.20992713029133
0.0245000000000001 1.22384313732406
0.0246000000000001 1.22737008329732
0.0247000000000001 1.24865959657154
0.0248000000000001 1.25785523472271
0.0249000000000001 1.2705436211368
0.0250000000000001 1.27942002955514
0.0251000000000001 1.30648823024641
0.0252000000000001 1.31404147310386
0.0253000000000001 1.32538139628672
0.0254000000000001 1.31042158434286
0.0255000000000001 1.30616839472959
0.0256000000000001 1.29884444358235
0.0257000000000001 1.29597195034631
0.0258000000000001 1.30353749011068
0.0259000000000001 1.31682807853265
0.0260000000000001 1.34262107942282
0.0261000000000001 1.35089297403151
0.0262000000000001 1.34855034312272
0.0263000000000001 1.33907510227397
0.0264000000000001 1.34544874652955
0.0265000000000001 1.33561085343413
0.0266000000000001 1.34005138408704
0.0267000000000001 1.32968227018124
0.0268000000000001 1.32347274014324
0.0269000000000001 1.32463247835641
0.0270000000000001 1.33263758809612
0.0271000000000001 1.36819402316579
0.0272000000000001 1.38981997231037
0.0273000000000001 1.39012425158576
0.0274000000000001 1.39784419228662
0.0275000000000001 1.41727961654219
0.0276000000000001 1.4189620310619
0.0277000000000001 1.43880563534784
0.0278000000000001 1.46329787970954
0.0279000000000001 1.46176173743855
0.0280000000000001 1.47227555522744
0.0281000000000001 1.47216943598073
0.0282000000000001 1.46706552548279
0.0283000000000001 1.46318426760456
0.0284000000000001 1.47102799666009
0.0285000000000001 1.45889269453101
0.0286000000000001 1.45006354485086
0.0287000000000001 1.4429871687455
0.0288000000000001 1.46185483078552
0.0289000000000001 1.44861234691619
0.0290000000000001 1.45176617352043
0.0291000000000001 1.46290287053451
0.0292000000000001 1.47644230939073
0.0293000000000001 1.49461409070601
0.0294000000000001 1.51006728986027
0.0295000000000001 1.51679042596259
0.0296000000000001 1.52647861703554
0.0297000000000001 1.55261533886783
0.0298000000000001 1.55028831455738
0.0299000000000001 1.54674999589456
0.0300000000000001 1.55779511594391
0.0301000000000001 1.57039932611146
0.0302000000000001 1.57743679634872
0.0303000000000001 1.57536372244754
0.0304000000000001 1.56607496819401
0.0305000000000001 1.57639656374152
0.0306000000000001 1.59605265875986
0.0307000000000001 1.61105440494869
0.0308000000000001 1.6126348703726
0.0309000000000001 1.62592102145194
0.0310000000000001 1.62639473264111
0.0311000000000001 1.625218061426
0.0312000000000001 1.60096865970416
0.0313000000000001 1.6104363923252
0.0314000000000001 1.60766263081602
0.0315000000000001 1.62193913162688
0.0316000000000001 1.63232061339964
0.0317000000000001 1.64183278515886
0.0318000000000001 1.65032269127792
0.0319000000000001 1.66110057092634
0.0320000000000001 1.66654011684759
0.0321000000000001 1.67607172469769
0.0322000000000001 1.68278960787813
0.0323000000000001 1.68739859425705
0.0324000000000001 1.68488221878346
0.0325000000000001 1.6925670173457
0.0326000000000001 1.68720320561216
0.0327000000000001 1.70082019226075
0.0328000000000001 1.68941481932602
0.0329000000000001 1.68697335869476
0.0330000000000001 1.68982908356519
0.0331000000000001 1.69299459078923
0.0332000000000001 1.70378904461674
0.0333000000000001 1.72334687749308
0.0334000000000001 1.73220633404678
0.0335000000000001 1.73668126360954
0.0336000000000001 1.75041208188198
0.0337000000000001 1.76955665329183
0.0338000000000001 1.77025498270788
0.0339000000000001 1.78181817614398
0.0340000000000001 1.79548362516933
0.0341000000000001 1.8018712578756
0.0342000000000001 1.80143250845592
0.0343000000000001 1.80435212501331
0.0344000000000001 1.80754079565753
0.0345000000000001 1.81472679901779
0.0346000000000001 1.79807351249012
0.0347000000000001 1.79746798392489
0.0348000000000001 1.79819465434159
0.0349000000000001 1.81189105915065
0.0350000000000001 1.81712307746908
0.0351000000000001 1.83389389218373
0.0352000000000001 1.84412326742505
0.0353000000000001 1.84257862200601
0.0354000000000001 1.85807035633892
0.0355000000000001 1.86027786197831
0.0356000000000001 1.86513271349963
0.0357000000000001 1.87332015669129
0.0358000000000001 1.88017970850028
0.0359000000000001 1.88885690670758
0.0360000000000001 1.89497683554995
0.0361000000000001 1.90683153830278
0.0362000000000001 1.90156436276726
0.0363000000000001 1.89906212884762
0.0364000000000001 1.91962093846786
0.0365000000000001 1.92358334121949
0.0366000000000001 1.91898880435808
0.0367000000000001 1.92591439978199
0.0368000000000001 1.92341419041059
0.0369000000000001 1.93987218691369
0.0370000000000001 1.9550515659976
0.0371000000000001 1.95122396936321
0.0372000000000001 1.96164988864039
0.0373000000000001 1.95997012513446
0.0374000000000001 1.96086127032957
0.0375000000000001 1.97378110107349
0.0376000000000001 1.97433030377476
0.0377000000000001 1.98184171162039
0.0378000000000001 1.9891582698081
0.0379000000000001 1.98304234215444
0.0380000000000001 2.00107133947041
0.0381000000000001 1.99737500257275
0.0382000000000001 1.99702226293618
0.0383000000000001 2.00852122182623
0.0384000000000001 2.00122603680586
0.0385000000000001 2.00215304117152
0.0386000000000001 2.01962739313835
0.0387000000000001 2.01795545087498
0.0388000000000001 2.03511106047525
0.0389000000000001 2.03900351746519
0.0390000000000001 2.06155381349021
0.0391000000000001 2.07433609467234
0.0392000000000001 2.07381313506485
0.0393000000000001 2.07568682364005
0.0394000000000001 2.09894635789289
0.0395000000000001 2.10566894857555
0.0396000000000001 2.11754472710603
0.0397000000000001 2.13060399515681
0.0398000000000001 2.13050817637952
0.0399000000000001 2.12907610521413
0.0400000000000001 2.13920834109596
0.0401000000000001 2.1230495440337
0.0402000000000001 2.1248109720053
0.0403000000000001 2.12872934109855
0.0404000000000001 2.12804230355512
0.0405000000000001 2.12643836441459
0.0406000000000001 2.12880995398722
0.0407000000000001 2.16068534532193
0.0408000000000001 2.15733529628908
0.0409000000000001 2.15888598406182
0.0410000000000001 2.18216955263388
0.0411000000000001 2.18805272130436
0.0412000000000001 2.19627452101025
0.0413000000000001 2.19407430146043
0.0414000000000001 2.20279049581546
0.0415000000000001 2.2117128441013
0.0416000000000001 2.22816921209401
0.0417000000000001 2.24755346319833
0.0418000000000001 2.22484599572523
0.0419000000000001 2.2188903976047
0.0420000000000001 2.23937157155277
0.0421000000000001 2.23042952982584
0.0422000000000001 2.23098692999974
0.0423000000000001 2.23623551910212
0.0424000000000001 2.24357665711881
0.0425000000000001 2.25473277402821
0.0426000000000001 2.25851012244052
0.0427000000000001 2.2643932672381
0.0428000000000001 2.27594656451759
0.0429000000000001 2.29389858756015
0.0430000000000001 2.28697444577966
0.0431000000000001 2.29537183829539
0.0432000000000001 2.30448734129043
0.0433000000000001 2.3018691596404
0.0434000000000001 2.30339415285657
0.0435000000000001 2.31941192255271
0.0436000000000001 2.32892547014243
0.0437000000000001 2.33703596924751
0.0438000000000001 2.34050555053565
0.0439000000000001 2.34538520437649
0.0440000000000001 2.34545847523236
0.0441000000000001 2.35284347853609
0.0442000000000001 2.36567764173189
0.0443000000000001 2.36948052809948
0.0444000000000001 2.36456894256949
0.0445000000000001 2.375222641929
0.0446000000000001 2.37860277991061
0.0447000000000001 2.3852613382464
0.0448000000000001 2.41270213236903
0.0449000000000001 2.4078171634603
0.0450000000000001 2.41153859321083
0.0451000000000001 2.42258596463346
0.0452000000000001 2.43427540533063
0.0453000000000001 2.42753866219881
0.0454000000000001 2.44468808351662
0.0455000000000001 2.4591124237453
0.0456000000000001 2.45901420536237
0.0457000000000001 2.46943886515692
0.0458000000000001 2.48863541450346
0.0459000000000001 2.49245221899066
0.0460000000000001 2.48814296980729
0.0461000000000001 2.49999193263149
0.0462000000000001 2.49209582316895
0.0463000000000001 2.50312064438018
0.0464000000000001 2.49498702591557
0.0465000000000001 2.4929648319703
0.0466000000000001 2.51058895659762
0.0467000000000001 2.50319005644646
0.0468000000000001 2.49537120534033
0.0469000000000001 2.50856692139487
0.0470000000000001 2.51230336558189
0.0471000000000001 2.52266487760419
0.0472000000000001 2.53076055172747
0.0473000000000001 2.54363461339199
0.0474000000000001 2.53440747055923
0.0475000000000001 2.53762521339163
0.0476000000000001 2.56007913017593
0.0477000000000001 2.56605775679836
0.0478000000000001 2.56185033112731
0.0479000000000001 2.57866852911109
0.0480000000000001 2.58330728140566
0.0481000000000001 2.58590116812106
0.0482000000000001 2.59329565839762
0.0483000000000001 2.59996739000636
0.0484000000000001 2.61073909251361
0.0485000000000001 2.62946306751502
0.0486000000000001 2.63826834509996
0.0487000000000001 2.65450264575841
0.0488000000000001 2.63814817312186
0.0489000000000001 2.64771611710194
0.0490000000000001 2.65804292832405
0.0491000000000001 2.65016565366315
0.0492000000000001 2.65440326046734
0.0493000000000001 2.6629059021737
0.0494000000000001 2.65657404220066
0.0495000000000001 2.67641752861328
0.0496000000000001 2.66383864075301
0.0497000000000001 2.65285810779067
0.0498000000000001 2.65753716611555
0.0499000000000001 2.66455598287372
0.0500000000000001 2.67462697650743
0.0501000000000001 2.69013554004257
0.0502000000000001 2.7067414248082
0.0503000000000001 2.71869597118458
0.0504000000000001 2.72217635826523
0.0505000000000001 2.74518630171096
0.0506000000000001 2.74317316941357
0.0507000000000001 2.76131346185885
0.0508000000000001 2.75840541086412
0.0509000000000001 2.77598071335609
0.0510000000000001 2.79043725090242
0.0511000000000001 2.79693743613606
0.0512000000000001 2.81503827063201
0.0513000000000001 2.79001045956295
0.0514000000000001 2.79113210001778
0.0515000000000001 2.80704122688614
0.0516000000000001 2.7819502350659
0.0517000000000001 2.79096666810379
0.0518000000000001 2.80099082072228
0.0519000000000001 2.80795337649283
0.0520000000000001 2.80075857705855
0.0521000000000001 2.81565935242911
0.0522000000000001 2.80985841727916
0.0523000000000001 2.83091158133636
0.0524000000000001 2.85207507039526
0.0525000000000001 2.86242745439044
0.0526000000000001 2.86708518492336
0.0527000000000001 2.87845032852622
0.0528000000000001 2.88373117893408
0.0529000000000001 2.87945798166372
0.0530000000000001 2.88999732231666
0.0531000000000001 2.91018604574604
0.0532000000000001 2.91055549447832
0.0533000000000001 2.91145783562703
0.0534000000000001 2.92174393114113
0.0535000000000001 2.92302721898121
0.0536000000000001 2.92691839904804
0.0537000000000001 2.9292156600267
0.0538000000000001 2.9154408774813
0.0539000000000001 2.91884244910543
0.0540000000000001 2.93094060893417
0.0541000000000001 2.92898272075614
0.0542000000000001 2.9367321687184
0.0543000000000001 2.94559633326283
0.0544000000000001 2.9607877701923
0.0545000000000001 2.96755283827924
0.0546000000000001 2.95951295755777
0.0547000000000001 2.97224866173031
0.0548000000000001 2.97344923421711
0.0549000000000001 2.9921521219004
0.0550000000000001 3.01204517173703
0.0551000000000001 3.03160267318452
0.0552000000000001 3.03691927619176
0.0553000000000001 3.03694405624415
0.0554000000000001 3.0556210285963
0.0555000000000001 3.05409098354531
0.0556000000000001 3.04600301990725
0.0557000000000001 3.04636914769356
0.0558000000000001 3.0507897164856
0.0559000000000001 3.0455232364544
0.0560000000000001 3.05080780511516
0.0561000000000001 3.06149694052027
0.0562000000000001 3.05646044120681
0.0563000000000001 3.05798755487554
0.0564000000000001 3.07451245050442
0.0565000000000001 3.07101105304467
0.0566000000000001 3.08948052863048
0.0567000000000001 3.07191514934594
0.0568000000000001 3.08314200649003
0.0569000000000001 3.08133610369517
0.0570000000000001 3.11092246723274
0.0571000000000001 3.12471693651201
0.0572000000000001 3.14048673757361
0.0573000000000001 3.15345867668524
0.0574000000000001 3.16053138131206
0.0575000000000001 3.15851466725463
0.0576000000000001 3.17737876062081
0.0577000000000001 3.18556420076406
0.0578000000000001 3.1864560995485
0.0579000000000001 3.19900787100389
0.0580000000000001 3.209534806711
0.0581000000000001 3.22220874993033
0.0582000000000001 3.19953490285179
0.0583000000000001 3.19633436456386
0.0584000000000001 3.19667292742534
0.0585000000000001 3.19919394273415
0.0586000000000001 3.20183672790219
0.0587000000000001 3.20516887770115
0.0588000000000001 3.20891059883041
0.0589000000000001 3.21026389569618
0.0590000000000001 3.20780193783068
0.0591000000000001 3.23177351416093
0.0592000000000001 3.23252128280997
0.0593000000000001 3.23400895385281
0.0594000000000001 3.2463496416785
0.0595000000000001 3.23958425298972
0.0596000000000001 3.25486389994496
0.0597000000000001 3.2650124530524
0.0598000000000001 3.27801270589946
0.0599000000000001 3.28907739329592
0.0600000000000001 3.28763160283432
0.0601000000000001 3.30212943415179
0.0602000000000001 3.31751720451773
0.0603000000000001 3.32350696755603
0.0604000000000001 3.33730442973797
0.0605000000000001 3.33856661566258
0.0606000000000001 3.35578226436952
0.0607000000000001 3.35221074636769
0.0608000000000001 3.34968267209306
0.0609000000000001 3.36465327629193
0.0610000000000001 3.36503694749611
0.0611000000000001 3.36257576234831
0.0612000000000001 3.36387552436122
0.0613000000000001 3.36567271560228
0.0614000000000001 3.37105601480738
0.0615000000000001 3.35911837725905
0.0616000000000001 3.37068712311335
0.0617000000000001 3.38237654995015
0.0618000000000001 3.40354480361203
0.0619000000000001 3.41252157879223
0.0620000000000001 3.41605596521306
0.0621000000000001 3.43630953626502
0.0622000000000001 3.4484146580334
0.0623000000000001 3.45032118442052
0.0624000000000001 3.46952734694665
0.0625000000000001 3.47221846260503
0.0626000000000001 3.47279238966779
0.0627000000000001 3.49101076875685
0.0628000000000001 3.49050069349464
0.0629000000000001 3.49814603792758
0.0630000000000001 3.48671476778441
0.0631000000000001 3.48600909294901
0.0632000000000001 3.49016567228965
0.0633000000000001 3.49218391292337
0.0634000000000001 3.49768598059087
0.0635000000000001 3.4970340089293
0.0636000000000001 3.48945833257451
0.0637000000000001 3.49677773645481
0.0638000000000001 3.4939955349762
0.0639000000000001 3.52096876440682
0.0640000000000001 3.51752629699829
0.0641000000000001 3.52674543028035
0.0642000000000001 3.53794692527857
0.0643000000000001 3.54014220053762
0.0644000000000001 3.57508621326673
0.0645000000000001 3.58760611802799
0.0646000000000001 3.58668925590406
0.0647000000000001 3.59758632313649
0.0648000000000001 3.61319581409457
0.0649000000000001 3.61167603395701
0.0650000000000001 3.605553283333
0.0651000000000001 3.60377759371315
0.0652000000000001 3.61702306316572
0.0653000000000001 3.62253426032251
0.0654000000000001 3.61885644844084
0.0655000000000001 3.63247079011672
0.0656000000000001 3.61501153862484
0.0657000000000001 3.62348981209115
0.0658000000000001 3.64255333577495
0.0659000000000001 3.64388243537483
0.0660000000000001 3.65418202366754
0.0661000000000001 3.64733958029278
0.0662000000000001 3.66394754649908
0.0663000000000001 3.65360864476415
0.0664000000000001 3.67215609252284
0.0665000000000001 3.67735900184953
0.0666000000000001 3.67485742819338
0.0667000000000001 3.68577370231319
0.0668000000000001 3.70451472792828
0.0669000000000001 3.70321713989434
0.0670000000000001 3.71510228907344
0.0671000000000001 3.72840763521767
0.0672000000000001 3.73624653617744
0.0673000000000001 3.73977659600718
0.0674000000000001 3.74378706112665
0.0675000000000001 3.74524918663653
0.0676000000000001 3.74993696048311
0.0677000000000001 3.75125113559805
0.0678000000000001 3.7632452480194
0.0679000000000001 3.77911045548775
0.0680000000000001 3.78062674626775
0.0681000000000001 3.78407497754307
0.0682000000000001 3.79299472657557
0.0683000000000001 3.81056894890103
0.0684000000000001 3.80963859162918
0.0685000000000001 3.82076943519356
0.0686000000000001 3.82242332077267
0.0687000000000001 3.82616880811152
0.0688000000000001 3.84630019428532
0.0689000000000001 3.85379708907672
0.0690000000000001 3.85440932843181
0.0691000000000001 3.86803456793057
0.0692000000000001 3.86947582931999
0.0693000000000001 3.86950032711413
0.0694000000000001 3.86083458962156
0.0695000000000001 3.86365233288515
0.0696000000000001 3.86011943528172
0.0697000000000001 3.85828557299944
0.0698000000000001 3.85624192763266
0.0699000000000001 3.86971062440007
0.0700000000000001 3.87325221645387
0.0701000000000001 3.88479903396716
0.0702000000000001 3.8934977552514
0.0703000000000001 3.91892019164358
0.0704000000000001 3.93193722208096
0.0705000000000001 3.92346028772704
0.0706000000000001 3.94146892052278
0.0707000000000001 3.9403484655843
0.0708000000000001 3.94150770507003
0.0709000000000001 3.95719258124648
0.0710000000000001 3.97462410985896
0.0711000000000001 3.97395502671192
0.0712000000000001 3.96554195137395
0.0713000000000001 3.98263957881162
0.0714000000000001 3.98689102286898
0.0715000000000001 3.97886711430227
0.0716000000000001 3.97624459199172
0.0717000000000001 3.98262670375347
0.0718000000000001 3.99666429901875
0.0719000000000001 3.99614980346756
0.0720000000000001 4.00940062858351
0.0721000000000001 4.03036303837897
0.0722000000000001 4.04338494215003
0.0723000000000001 4.03623710775646
0.0724000000000001 4.02100896576689
0.0725000000000001 4.01831217856916
0.0726000000000001 4.02777651669101
0.0727000000000001 4.04287260594038
0.0728000000000001 4.03751668660201
0.0729000000000001 4.05395889890729
0.0730000000000001 4.05980369146444
0.0731000000000001 4.07774402512622
0.0732000000000001 4.09600940785053
0.0733000000000001 4.11227346923997
0.0734000000000001 4.11295124722538
0.0735000000000001 4.11325220862422
0.0736000000000001 4.12313715714388
0.0737000000000001 4.11883401925947
0.0738000000000001 4.13362083237756
0.0739000000000001 4.11692810525179
0.0740000000000001 4.13823239919329
0.0741000000000001 4.13585884281715
0.0742000000000001 4.1461268874624
0.0743000000000001 4.16330711358435
0.0744000000000001 4.15234345818866
0.0745000000000001 4.16521206111909
0.0746000000000001 4.1748835829458
0.0747000000000001 4.17222344853368
0.0748000000000001 4.15931450928524
0.0749000000000001 4.19031691805965
0.0750000000000001 4.18204726886241
0.0751000000000001 4.18850839751087
0.0752000000000001 4.20308307758114
0.0753000000000001 4.19546753205093
0.0754000000000001 4.1983410731796
0.0755000000000001 4.21816461989721
0.0756000000000001 4.22879566177161
0.0757000000000001 4.21869989803898
0.0758000000000001 4.22545812747615
0.0759000000000001 4.24262114470907
0.0760000000000001 4.23242827098343
0.0761000000000001 4.24202602494854
0.0762000000000001 4.25983155940522
0.0763000000000001 4.26047706757362
0.0764000000000001 4.26784890606661
0.0765000000000001 4.27298685296891
0.0766000000000001 4.29351578390112
0.0767000000000001 4.29745636650352
0.0768000000000001 4.2930368268221
0.0769000000000001 4.30243405670267
0.0770000000000001 4.3110850313968
0.0771000000000001 4.29645000075431
0.0772000000000001 4.3179268792509
0.0773000000000001 4.32517843930597
0.0774000000000001 4.30928856600545
0.0775000000000001 4.31961082625975
0.0776000000000001 4.33602208924193
0.0777000000000001 4.36085499396644
0.0778000000000001 4.35478031041424
0.0779000000000001 4.36883325188388
0.0780000000000001 4.38396197633831
0.0781000000000001 4.37162817512008
0.0782000000000001 4.36432864038388
0.0783000000000001 4.38521859210126
0.0784000000000001 4.39347897111233
0.0785000000000001 4.39298589150659
0.0786000000000001 4.4083962804335
0.0787000000000001 4.39268318575242
0.0788000000000001 4.4142977245825
0.0789000000000001 4.40380383248297
0.0790000000000001 4.40988745318235
0.0791000000000001 4.42438870360443
0.0792000000000001 4.41708904260899
0.0793000000000001 4.4281322733251
0.0794000000000001 4.44511322450248
0.0795000000000001 4.44507004094156
0.0796000000000001 4.4452855865856
0.0797000000000001 4.45435990961563
0.0798000000000001 4.46166586857676
0.0799000000000001 4.46379235432908
0.0800000000000001 4.47669940105574
0.0801000000000001 4.49156322531125
0.0802000000000001 4.49336595058057
0.0803000000000001 4.48652153974126
0.0804000000000001 4.50359483279938
0.0805000000000001 4.50884654097053
0.0806000000000001 4.4992209519507
0.0807000000000001 4.50810325570861
0.0808000000000001 4.52805009229926
0.0809000000000001 4.54099656932067
0.0810000000000001 4.53682473476885
0.0811000000000001 4.53499690475291
0.0812000000000001 4.54716256092898
0.0813000000000001 4.54073152743893
0.0814000000000001 4.55952785897796
0.0815000000000001 4.56816878240082
0.0816000000000001 4.59010568769844
0.0817000000000001 4.56669012541613
0.0818000000000001 4.57201737903356
0.0819000000000001 4.58625767307108
0.0820000000000001 4.59264882082155
0.0821000000000001 4.58995689139429
0.0822000000000001 4.59583180116087
0.0823000000000001 4.597743769005
0.0824000000000001 4.6125220733172
0.0825000000000001 4.61761123693763
0.0826000000000001 4.63073171456512
0.0827000000000001 4.63636805320186
0.0828000000000001 4.64888365631269
0.0829000000000001 4.6494861786053
0.0830000000000001 4.65584194789266
0.0831000000000001 4.66040545000562
0.0832000000000001 4.65308672884621
0.0833000000000001 4.66658490168266
0.0834000000000001 4.67531322433511
0.0835000000000001 4.67220815473417
0.0836000000000001 4.68554160311848
0.0837000000000001 4.68694730436287
0.0838000000000001 4.69728913891703
0.0839000000000001 4.69099076617013
0.0840000000000001 4.7052409997484
0.0841000000000001 4.72440283755877
0.0842000000000001 4.71771755554367
0.0843000000000001 4.7134606105786
0.0844000000000001 4.72344536243628
0.0845000000000001 4.73032915708253
0.0846000000000001 4.72492009120313
0.0847000000000001 4.75903915734424
0.0848000000000001 4.76223888702945
0.0849000000000001 4.76024186187778
0.0850000000000001 4.76427349499001
0.0851000000000001 4.77741839619761
0.0852000000000001 4.78579033129438
0.0853000000000001 4.79880893593038
0.0854000000000001 4.79041606083379
0.0855000000000001 4.7955408730268
0.0856000000000001 4.79776766350072
0.0857000000000001 4.7858558664532
0.0858000000000001 4.77895133749848
0.0859000000000001 4.79035345887026
0.0860000000000001 4.78728330831001
0.0861000000000001 4.79474735523657
0.0862000000000001 4.81168635637882
0.0863000000000001 4.82422726816197
0.0864000000000001 4.8217371943705
0.0865000000000001 4.83893998553805
0.0866000000000001 4.84379592778379
0.0867000000000001 4.84180554965496
0.0868000000000001 4.85140445844861
0.0869000000000001 4.87421279358481
0.087 4.84461577282115
0.0871000000000001 4.86900097144931
0.0872000000000001 4.87105046941699
0.0873000000000001 4.87058875081937
0.0874000000000001 4.88305485163109
0.0875 4.8801471206964
0.0876000000000001 4.88731756460848
0.0877000000000001 4.90387123722687
0.0878000000000001 4.92462616389125
0.0879000000000001 4.91966397160773
0.0880000000000001 4.94437258610559
0.0881000000000001 4.95576069747465
0.0882000000000001 4.93557549808942
0.0883000000000001 4.94778464845588
0.0884 4.95111134303143
0.0885000000000001 4.95587377692955
0.0886000000000001 4.97574521525405
0.0887000000000001 4.96247778118783
0.0888000000000001 4.97347730780211
0.0889 4.97631551008536
0.0890000000000001 4.99093230955135
0.0891000000000001 4.97620535613419
0.0892000000000001 5.00021301208439
0.0893000000000001 4.99444163390288
0.0894 4.97806975063602
0.0895000000000001 4.99652895046922
0.0896000000000001 5.00090966213403
0.0897000000000001 5.01190221327907
0.0898000000000001 5.01016050583731
0.0899 5.01437404177326
0.0900000000000001 5.01679097395725
0.0901000000000001 5.02759813573697
0.0902000000000001 5.03495376718446
0.0903 5.03779015248801
0.0904 5.04893098878139
0.0905000000000001 5.05882405708416
0.0906000000000001 5.04439887015822
0.0907000000000001 5.06130438693521
0.0908 5.07402351965786
0.0909000000000001 5.07075994498927
0.0910000000000001 5.05819070466035
0.0911000000000001 5.05269700779196
0.0912000000000001 5.06865211742806
0.0913 5.06811201721499
0.0914000000000001 5.07530027929268
0.0915000000000001 5.07979345860789
0.0916000000000001 5.08613878173384
0.0917 5.08902916687926
0.0918 5.08721894400558
0.0919000000000001 5.12833981368213
0.0920000000000001 5.11460301055991
0.0921000000000001 5.13081598635897
0.0922 5.12636568868175
0.0923 5.13118248104635
0.0924000000000001 5.10645415071228
0.0925000000000001 5.09703646040413
0.0926000000000001 5.09235346888028
0.0927 5.07441594433944
0.0928 5.06112071538579
0.0929000000000001 5.04794887214984
0.0930000000000001 5.0109381190171
0.0931 5.00236440411039
0.0932 4.96402916248296
0.0933 4.94239550693029
0.0934000000000001 4.9071291034614
0.0935000000000001 4.86907132434435
0.0936 4.82726606280866
0.0937 4.79666479113609
0.0938000000000001 4.75369778542071
0.0939000000000001 4.70095291554416
0.0940000000000001 4.63780912334568
0.0941 4.55947475008141
0.0942 4.46643582660684
0.0943000000000001 4.4177072256994
0.0944000000000001 4.32547202713361
0.0945 4.23035619468151
0.0946 4.15095837510966
0.0947 4.06062181007866
0.0948000000000001 3.94275822631363
0.0949000000000001 3.7997533782025
0.095 3.66953912139805
0.0951 3.50620413941235
0.0952 3.32981209360104
0.0953000000000001 3.20293909967588
0.0954000000000001 3.07663795571801
