# Fix print output for fix out1
8.54354467115128e-16 0.0267912697829169
0.000100000000000924 0.0608262683118238
0.000200000000000993 0.06967153551003
0.000300000000000777 0.0295586131833489
0.000400000000000846 0.118710550994062
0.000500000000000915 0.146766151500387
0.000600000000000985 0.121138486980771
0.000700000000000769 0.141288279945323
0.000800000000000838 0.163864717964146
0.000900000000000907 0.187424121512479
0.00100000000000098 0.182786554406997
0.00110000000000076 0.177817209563439
0.00120000000000083 0.240690023546325
0.0013000000000009 0.215005489773468
0.00140000000000097 0.258906139581854
0.00150000000000075 0.228954744396492
0.00160000000000082 0.253196854568411
0.00170000000000089 0.222823671131636
0.00180000000000096 0.238303550899487
0.00190000000000074 0.238335987995059
0.00200000000000081 0.230533622195582
0.00210000000000088 0.291292384229331
0.00220000000000095 0.280503925495278
0.00230000000000074 0.277126452353319
0.00240000000000081 0.299916000149922
0.00250000000000087 0.332239947427684
0.00260000000000094 0.350636237473652
0.00270000000000073 0.374230381919527
0.0028000000000008 0.369640257380448
0.00290000000000087 0.389397170267431
0.00300000000000094 0.415124543876394
0.00310000000000072 0.449999143909542
0.00320000000000079 0.475893159311423
0.00330000000000086 0.492303547354689
0.00340000000000093 0.50620350619215
0.003500000000001 0.496552509563425
0.00360000000000078 0.516807802197766
0.00370000000000085 0.533550555649018
0.00380000000000092 0.562399093046952
0.00390000000000099 0.578251973691011
0.00400000000000077 0.57835688166074
0.00410000000000084 0.552888391471928
0.00420000000000091 0.55938569592559
0.00430000000000098 0.599837397564659
0.00440000000000077 0.630422158746744
0.00450000000000083 0.638194182811442
0.0046000000000009 0.6297541886564
0.00470000000000097 0.62069416679787
0.00480000000000076 0.645489792408834
0.00490000000000083 0.621323156829028
0.0050000000000009 0.676841953242007
0.00510000000000096 0.676107802654468
0.00520000000000075 0.659123254045897
0.00530000000000082 0.687866510050555
0.00540000000000089 0.701961056454048
0.00550000000000096 0.663912267983289
0.00560000000000074 0.699165080360318
0.00570000000000081 0.712891608896627
0.00580000000000088 0.769593394317773
0.00590000000000095 0.749184625063
0.00600000000000073 0.772364986795034
0.0061000000000008 0.808043558303599
0.00620000000000087 0.785335507823046
0.00630000000000094 0.782990764011462
0.00640000000000072 0.845337741929568
0.00650000000000079 0.850952960604507
0.00660000000000086 0.864475196597188
0.00670000000000093 0.845307447942058
0.006800000000001 0.884886457877867
0.00690000000000079 0.897206008809315
0.00700000000000086 0.909732591662368
0.00710000000000092 0.91576221064198
0.00720000000000099 0.939737708685861
0.00730000000000078 0.945623695651317
0.00740000000000085 0.908933408430741
0.00750000000000092 0.949484418653731
0.00760000000000099 0.987702020422359
0.00770000000000077 0.999332674889927
0.00780000000000084 0.979260849249095
0.00790000000000091 1.00779292329688
0.00800000000000098 1.04617397917268
0.00810000000000076 1.03668851875472
0.00820000000000083 1.10549669387463
0.0083000000000009 1.13738292281091
0.00840000000000097 1.07978207433885
0.00850000000000075 1.13694645174803
0.00860000000000082 1.18821414451672
0.00870000000000089 1.15965538944414
0.00880000000000096 1.13263157274916
0.00890000000000075 1.17560005847448
0.00900000000000081 1.21313358711346
0.00910000000000088 1.15309216232833
0.00920000000000095 1.20689809711215
0.00930000000000074 1.23503307103169
0.00940000000000081 1.26523536969397
0.00950000000000088 1.23029322922049
0.00960000000000094 1.23517176656599
0.00970000000000073 1.30016619196514
0.0098000000000008 1.33736476398942
0.00990000000000087 1.32068165459315
0.0100000000000009 1.33783872225588
0.0101000000000007 1.3223396688723
0.0102000000000008 1.36729859825238
0.0103000000000009 1.37232679833816
0.0104000000000009 1.38322573055557
0.010500000000001 1.40252066860943
0.0106000000000008 1.40109984753026
0.0107000000000009 1.38768330156611
0.0108000000000009 1.43803255552962
0.010900000000001 1.44199417005538
0.0110000000000008 1.43542755405912
0.0111000000000008 1.48129184773673
0.0112000000000009 1.49303928195577
0.011300000000001 1.51247019840482
0.0114000000000008 1.53135628260843
0.0115000000000008 1.51799980753935
0.0116000000000009 1.51134904148744
0.011700000000001 1.5008134319808
0.0118000000000008 1.48354298478628
0.0119000000000008 1.55164082789075
0.0120000000000009 1.52412538616636
0.012100000000001 1.57279171379204
0.0122000000000008 1.58348340935117
0.0123000000000008 1.59789786321758
0.0124000000000009 1.63102916050204
0.012500000000001 1.62483224734749
0.0126000000000007 1.63061608355448
0.0127000000000008 1.6115583345451
0.0128000000000009 1.62863008667901
0.0129000000000009 1.62429090533158
0.0130000000000007 1.6263186522299
0.0131000000000008 1.64651907020401
0.0132000000000009 1.69120378971559
0.0133000000000009 1.71613069287475
0.0134000000000007 1.72522534897246
0.0135000000000008 1.72684075466238
0.0136000000000009 1.73940690382527
0.0137000000000009 1.75073251788334
0.013800000000001 1.73371671439989
0.0139000000000008 1.74410899525558
0.0140000000000009 1.79203889317022
0.0141000000000009 1.78586121675447
0.014200000000001 1.77267123818672
0.0143000000000008 1.77635147886329
0.0144000000000008 1.78223091729295
0.0145000000000009 1.74538495896567
0.014600000000001 1.79554275783353
0.0147000000000008 1.81957135635006
0.0148000000000008 1.81697690857352
0.0149000000000009 1.83104931084061
0.015000000000001 1.83844691967953
0.0151000000000008 1.880668599953
0.0152000000000008 1.883374993407
0.0153000000000009 1.85484929679861
0.015400000000001 1.88142451743409
0.0155000000000008 1.89804224444233
0.0156000000000008 1.89033674168137
0.0157000000000009 1.94304527185774
0.015800000000001 1.94202343040127
0.0159000000000007 1.91487843679116
0.0160000000000008 1.92962599770432
0.0161000000000009 1.9650888184075
0.016200000000001 1.95964416380085
0.0163000000000007 1.97930404937684
0.0164000000000008 2.00224574179139
0.0165000000000009 2.03791390360256
0.0166000000000009 2.0144638224818
0.0167000000000007 2.04149356205428
0.0168000000000008 2.03897765376147
0.0169000000000009 2.05479184164997
0.0170000000000009 2.07383231055681
0.017100000000001 2.12823090628533
0.0172000000000008 2.07401106463863
0.0173000000000009 2.08575400282591
0.0174000000000009 2.10685696638754
0.017500000000001 2.07730222774763
0.0176000000000008 2.1313470722545
0.0177000000000009 2.16521646369529
0.0178000000000009 2.18111958358329
0.017900000000001 2.17004037999709
0.0180000000000008 2.22317285882485
0.0181000000000008 2.22495124302922
0.0182000000000009 2.25359857152829
0.018300000000001 2.25594229673294
0.0184000000000008 2.24900376339515
0.0185000000000008 2.22752018686127
0.0186000000000009 2.25855834337332
0.018700000000001 2.28224689111549
0.0188000000000008 2.30672101188022
0.0189000000000008 2.29432789954557
0.0190000000000009 2.33854516840068
0.019100000000001 2.33728431955404
0.0192000000000008 2.35099572612525
0.0193000000000008 2.36775127483757
0.0194000000000009 2.38694857462186
0.019500000000001 2.40430666883724
0.0196000000000007 2.42713469312834
0.0197000000000008 2.41345517747254
0.0198000000000009 2.42915226432868
0.019900000000001 2.43134702958238
0.0200000000000007 2.43292890740435
0.0201000000000008 2.43477867450111
0.0202000000000009 2.43257437464192
0.0203000000000009 2.48331951646562
0.0204000000000009 2.46424727398672
0.0205000000000008 2.47435700690972
0.0206000000000009 2.48377879918378
0.0207000000000009 2.52037518135873
0.020800000000001 2.55269399077897
0.0209000000000008 2.50629144217305
0.0210000000000009 2.54438764575031
0.0211000000000009 2.56568246235275
0.021200000000001 2.53528067881253
0.0213000000000008 2.57732018145594
0.0214000000000008 2.58059511456661
0.0215000000000009 2.59424954221552
0.021600000000001 2.64166508520722
0.0217000000000008 2.63381770160359
0.0218000000000008 2.68092756566752
0.0219000000000009 2.6743179410775
0.022000000000001 2.6727923588975
0.0221000000000008 2.62855868847593
0.0222000000000008 2.66736246666047
0.0223000000000009 2.72447226517821
0.022400000000001 2.72924406278478
0.0225000000000008 2.72991823149074
0.0226000000000008 2.74745098819536
0.0227000000000009 2.77503662413941
0.022800000000001 2.80187398068427
0.0229000000000007 2.79238128701177
0.0230000000000008 2.84601138655522
0.0231000000000009 2.82347306004024
0.023200000000001 2.83455836375772
0.0233000000000007 2.88847398179355
0.0234000000000008 2.88478781831754
0.0235000000000009 2.86149125443883
0.0236000000000009 2.83333531877007
0.0237000000000007 2.88335285340415
0.0238000000000008 2.89679849549017
0.0239000000000009 2.90335928122051
0.0240000000000009 2.95416980959922
0.024100000000001 2.9624752107691
0.0242000000000008 2.93002051729197
0.0243000000000009 2.90716573658678
0.0244000000000009 2.93611099377108
0.024500000000001 2.94057621254091
0.0246000000000008 2.94832776302016
0.0247000000000009 2.97416920028225
0.0248000000000009 2.98588324035009
0.024900000000001 2.97737612896874
0.0250000000000008 3.01507858946453
0.0251000000000008 3.00513939184113
0.0252000000000009 3.00983480665978
0.025300000000001 3.05111085163237
0.0254000000000008 3.07813890334754
0.0255000000000008 3.0572032111004
0.0256000000000009 3.07419325305252
0.025700000000001 3.08458958306291
0.0258000000000008 3.10279766449831
0.0259000000000008 3.09217259754661
0.0260000000000009 3.12354392944511
0.026100000000001 3.15815328702231
0.0262000000000008 3.16570597565653
0.0263000000000008 3.12947211328118
0.0264000000000009 3.21345747204581
0.026500000000001 3.19088990046261
0.0266000000000007 3.18674912141021
0.0267000000000008 3.17707967437149
0.0268000000000009 3.22845791504001
0.026900000000001 3.20240535985771
0.0270000000000007 3.2189351022028
0.0271000000000008 3.2421266531952
0.0272000000000009 3.23160692277487
0.0273000000000009 3.21038952201104
0.027400000000001 3.2321554914898
0.0275000000000008 3.28189207231037
0.0276000000000009 3.26698544496342
0.0277000000000009 3.31157463097992
0.027800000000001 3.3134458733583
0.0279000000000008 3.34323226679846
0.0280000000000009 3.328915451815
0.0281000000000009 3.34357512937343
0.028200000000001 3.35497783424792
0.0283000000000008 3.40561134656227
0.0284000000000008 3.36137079272771
0.0285000000000009 3.3413385902393
0.028600000000001 3.40258772448891
0.0287000000000008 3.39164943973768
0.0288000000000008 3.42190526321006
0.0289000000000009 3.44695745793299
0.029000000000001 3.45293246816177
0.0291000000000008 3.44050958430197
0.0292000000000008 3.47533297202096
0.0293000000000009 3.51218611793779
0.029400000000001 3.49402859112428
0.0295000000000008 3.46994223223455
0.0296000000000008 3.47435894446834
0.0297000000000009 3.52610092586227
0.029800000000001 3.55713686111109
0.0299000000000007 3.53165582870391
0.0300000000000008 3.55128127390342
0.0301000000000009 3.59084177684704
0.030200000000001 3.57952014392979
0.0303000000000007 3.58715674319649
0.0304000000000008 3.61209173586479
0.0305000000000009 3.60856369836224
0.0306000000000009 3.64014569130002
0.030700000000001 3.62547591237972
0.0308000000000008 3.65100066841308
0.0309000000000009 3.64612069715576
0.0310000000000009 3.69672658080527
0.031100000000001 3.65531674675301
0.0312000000000008 3.68767221597082
0.0313000000000009 3.68169822172649
0.0314000000000009 3.70747184201312
0.031500000000001 3.70086030009266
0.0316000000000008 3.72562842215655
0.0317000000000009 3.73933234830418
0.0318000000000009 3.73400058054407
0.031900000000001 3.74195003775629
0.0320000000000008 3.71002496701288
0.0321000000000008 3.743179719718
0.0322000000000009 3.74543315819702
0.032300000000001 3.78124492356223
0.0324000000000008 3.76352824938092
0.0325000000000008 3.78831618950648
0.0326000000000009 3.75406068763858
0.032700000000001 3.81473440860562
0.0328000000000008 3.79287853377358
0.0329000000000008 3.76374735355618
0.0330000000000009 3.78062774074954
0.033100000000001 3.82229890995129
0.0332000000000007 3.80829633625551
0.0333000000000008 3.86753062480702
0.0334000000000009 3.88737046280689
0.033500000000001 3.96222446735827
0.0336000000000007 3.93228118837627
0.0337000000000008 3.92265447611612
0.0338000000000009 3.93639314368493
0.033900000000001 3.95610068243916
0.0340000000000007 3.97713061328702
0.0341000000000008 3.96784002534516
0.0342000000000009 3.96541945746563
0.0343000000000009 3.9906803787203
0.034400000000001 3.97843149766157
0.0345000000000008 3.98191310541338
0.0346000000000009 4.02228249205296
0.0347000000000009 4.02827387903395
0.034800000000001 4.00903517439512
0.0349000000000008 4.03862964809883
0.0350000000000009 4.07435409628383
0.0351000000000009 4.0574448680141
0.035200000000001 4.10136979535553
0.0353000000000008 4.08695551672334
0.0354000000000008 4.06224405237481
0.0355000000000009 4.08827209561271
0.035600000000001 4.11129017914137
0.0357000000000008 4.09574246306861
0.0358000000000008 4.11154697494994
0.0359000000000009 4.15337565160363
0.036000000000001 4.15516326099163
0.0361000000000008 4.14622188995039
0.0362000000000008 4.18871327328531
0.0363000000000009 4.15684755406839
0.036400000000001 4.12212939332199
0.0365000000000008 4.17671994979079
0.0366000000000008 4.1679936994671
0.0367000000000009 4.16977153341272
0.036800000000001 4.19795057280603
0.0369000000000008 4.19088415254324
0.0370000000000008 4.18904788715779
0.0371000000000009 4.24349862092591
0.037200000000001 4.26656833196708
0.0373000000000007 4.25972684533767
0.0374000000000008 4.2799771019181
0.0375000000000009 4.30837806997932
0.0376000000000009 4.26347279781766
0.037700000000001 4.27338117112371
0.0378000000000008 4.30109466808403
0.0379000000000009 4.31063627128894
0.0380000000000009 4.34348899459241
0.038100000000001 4.3441986025962
0.0382000000000008 4.31857770534191
0.0383000000000009 4.32457901874012
0.0384000000000009 4.32661210123837
0.038500000000001 4.3509719557919
0.0386000000000008 4.38108362677195
0.0387000000000009 4.37467507748948
0.0388000000000009 4.40150448297499
0.038900000000001 4.40895935387867
0.0390000000000008 4.39798040058818
0.0391000000000008 4.44188953395676
0.0392000000000009 4.45629181364476
0.039300000000001 4.45971258185207
0.0394000000000008 4.39335746436461
0.0395000000000008 4.43476556394046
0.0396000000000009 4.47608581789408
0.039700000000001 4.48507713046624
0.0398000000000008 4.46878965721201
0.0399000000000008 4.52643847509863
0.0400000000000009 4.53223874686944
0.040100000000001 4.55575259389343
0.0402000000000008 4.56463091406019
0.0403000000000008 4.56032841652776
0.0404000000000009 4.59535300784842
0.040500000000001 4.54335394145131
0.0406000000000007 4.6034603006353
0.0407000000000008 4.64741649550186
0.0408000000000009 4.63271842158632
0.0409000000000009 4.64290208055283
0.0410000000000007 4.63935679104523
0.0411000000000008 4.67720126228377
0.0412000000000009 4.67281684421568
0.0413000000000009 4.69140706267481
0.041400000000001 4.67140467044601
0.0415000000000008 4.67282416091278
0.0416000000000009 4.73689582330802
0.0417000000000009 4.71715828235607
0.041800000000001 4.69033955887289
0.0419000000000008 4.72060414202488
0.0420000000000009 4.68840306620708
0.0421000000000009 4.72073852680609
0.042200000000001 4.66229108230876
0.0423000000000008 4.72362302863261
0.0424000000000009 4.74571254328018
0.0425000000000009 4.72912117876113
0.042600000000001 4.74680750339768
0.0427000000000008 4.75440096720778
0.0428000000000008 4.76935183761281
0.0429000000000009 4.7637796334614
0.043000000000001 4.761969321091
0.0431000000000008 4.79044219138349
0.0432000000000008 4.80227046181958
0.0433000000000009 4.80252225522552
0.043400000000001 4.79085258542646
0.0435000000000008 4.82920474846632
0.0436000000000008 4.87110252859385
0.0437000000000009 4.89769981292211
0.043800000000001 4.8567777667972
0.0439000000000008 4.92772089510811
0.0440000000000008 4.93905889843484
0.0441000000000009 4.95106796255164
0.044200000000001 4.98995312119425
0.0443000000000009 4.98427738352828
0.0444000000000008 4.99948305295792
0.0445000000000009 4.98191934717264
0.044600000000001 4.97245384765423
0.044700000000001 4.98593791899621
0.0448000000000008 4.99870136192586
0.0449000000000009 4.98925054839262
0.0450000000000009 5.02140292221609
0.045100000000001 4.95870910367212
0.0452000000000008 4.98108562577657
0.0453000000000009 4.9911927972022
0.0454000000000009 5.03207893869144
0.045500000000001 5.00858934360423
0.0456000000000008 5.01325307801839
0.0457000000000009 5.01693529608083
0.0458000000000009 5.02275293974437
0.045900000000001 5.05301160008071
0.0460000000000008 5.05674159096437
0.0461000000000008 5.03622222956661
0.0462000000000009 5.083796623788
0.046300000000001 5.07237290653182
0.0464000000000008 5.05443847870769
0.0465000000000008 5.09339398327013
0.0466000000000009 5.06032806327916
0.046700000000001 5.09573263771314
0.0468000000000008 5.16384825437287
0.0469000000000008 5.09827455957004
0.0470000000000009 5.17549908230122
0.047100000000001 5.17070450166992
0.0472000000000008 5.17118532890774
0.0473000000000008 5.17951932722924
0.0474000000000009 5.22559048586895
0.047500000000001 5.21274116734766
0.0476000000000009 5.21335656992455
0.0477000000000008 5.22606580373624
0.0478000000000009 5.14736530023874
0.047900000000001 5.21705034850776
0.048000000000001 5.23244517484345
0.0481000000000008 5.24674760158897
0.0482000000000009 5.28209154225422
0.0483000000000009 5.26920746089801
0.048400000000001 5.26813796367295
0.0485000000000008 5.31403206019623
0.0486000000000009 5.26453980316061
0.0487000000000009 5.30448628978328
0.048800000000001 5.31784302155862
0.0489000000000008 5.34719253335622
0.0490000000000009 5.29610796579789
0.0491000000000009 5.33357205718426
0.049200000000001 5.30755229679708
0.0493000000000008 5.34825194946797
0.0494000000000009 5.36274901211817
0.0495000000000009 5.3866897656452
0.049600000000001 5.38525372291459
0.0497000000000008 5.41843370152685
0.0498000000000008 5.38150291477718
0.0499000000000009 5.40478144388037
0.050000000000001 5.43303659848555
0.0501000000000008 5.44551870990797
0.0502000000000008 5.46056592450134
0.0503000000000009 5.48829626052209
0.050400000000001 5.48036516527
0.0505000000000008 5.50797057133776
0.0506000000000008 5.49797204876793
0.0507000000000009 5.51384124039784
0.050800000000001 5.48499964055555
0.0509000000000008 5.51615466177335
0.0510000000000008 5.57220227303575
0.0511000000000009 5.51216838200592
0.051200000000001 5.46674861767885
0.051300000000001 5.51176521902623
0.0514000000000008 5.53160967081048
0.0515000000000009 5.51329625310753
0.051600000000001 5.52192693151443
0.051700000000001 5.5841842091745
0.0518000000000008 5.53513311112579
0.0519000000000009 5.5348054013397
0.0520000000000009 5.60462876529447
0.052100000000001 5.59109380916595
0.0522000000000008 5.57954135399517
0.0523000000000009 5.56352409184427
0.0524000000000009 5.58990936479762
0.052500000000001 5.56817972208525
0.0526000000000008 5.60924477254265
0.0527000000000009 5.62943396516289
0.0528000000000009 5.67138658033228
0.052900000000001 5.64492916752761
0.0530000000000008 5.68475585627539
0.0531000000000008 5.72299880536461
0.0532000000000009 5.68226042165184
0.053300000000001 5.71539316611453
0.0534000000000008 5.72778334614437
0.0535000000000008 5.70837342015149
0.0536000000000009 5.73548998228702
0.053700000000001 5.75968444076224
0.0538000000000008 5.77417790242897
0.0539000000000008 5.75134010557419
0.0540000000000009 5.71366238017038
0.054100000000001 5.74054660595132
0.0542000000000008 5.80578078596505
0.0543000000000008 5.79284157114072
0.0544000000000009 5.76026166501011
0.054500000000001 5.80283639118622
0.054600000000001 5.79453499893791
0.0547000000000008 5.77001651898305
0.0548000000000009 5.81803343892599
0.054900000000001 5.79385277776174
0.055000000000001 5.81520178129024
0.0551000000000008 5.83533096214998
0.0552000000000009 5.82294842911995
0.0553000000000009 5.81156944669249
0.055400000000001 5.81985518118147
0.0555000000000008 5.86561612895099
0.0556000000000009 5.83326586981406
0.0557000000000009 5.87505975618694
0.055800000000001 5.85252499852058
0.0559000000000008 5.85077863553423
0.0560000000000009 5.85922966243802
0.0561000000000009 5.89433481065323
0.056200000000001 5.89705065648947
0.0563000000000008 5.893450697893
0.0564000000000009 5.91189603589342
0.0565000000000009 5.97346788605866
0.056600000000001 5.94115293730499
0.0567000000000008 5.98594273211937
0.0568000000000008 5.97336835309781
0.0569000000000009 5.99223873814937
0.057000000000001 5.97076814341246
0.0571000000000008 5.9467368886607
0.0572000000000008 6.0216783861303
0.0573000000000009 5.94207800112606
0.057400000000001 6.00546900602844
0.0575000000000008 6.02732449390042
0.0576000000000008 6.01315322388742
0.0577000000000009 6.01254253344327
0.057800000000001 6.07298671279906
0.057900000000001 6.04848368369638
0.0580000000000008 6.0653625921849
0.0581000000000009 6.10425269014918
0.058200000000001 6.12579554997629
0.058300000000001 6.07648253065601
0.0584000000000008 6.11220411124747
0.0585000000000009 6.13571399669408
0.0586000000000009 6.12710937182654
0.058700000000001 6.10961103895127
0.0588000000000008 6.16239870556221
0.0589000000000009 6.146975209303
0.0590000000000009 6.1710719736935
0.059100000000001 6.17470716442202
0.0592000000000008 6.20897781183102
0.0593000000000009 6.18808237822452
0.0594000000000009 6.17875819977446
0.059500000000001 6.23525583567512
0.0596000000000008 6.18914802792154
0.0597000000000009 6.21971317377045
0.0598000000000009 6.24207739263711
0.059900000000001 6.25278587088099
0.0600000000000008 6.24845890515132
0.0601000000000008 6.2660869545073
0.0602000000000009 6.26076446868968
0.060300000000001 6.24111828976961
0.0604000000000008 6.27308159224347
0.0605000000000008 6.25106462569405
0.0606000000000009 6.27339890319575
0.060700000000001 6.1997506827248
0.0608000000000008 6.26014476677029
0.0609000000000008 6.25315628172644
0.0610000000000009 6.26678475334998
0.061100000000001 6.30217034488457
0.0612000000000008 6.3249777716841
0.0613000000000008 6.30395890373927
0.0614000000000009 6.35367943009412
0.061500000000001 6.33311504255656
0.061600000000001 6.31071678612551
0.0617000000000008 6.3470001340643
0.0618000000000009 6.39658780657754
0.061900000000001 6.41358238094185
0.062000000000001 6.37295000577832
0.0621000000000008 6.37189161841237
0.0622000000000009 6.38464407910716
0.0623000000000009 6.40356212509149
0.062400000000001 6.39638295158389
0.0625000000000008 6.46540636102044
0.0626000000000009 6.44636050046529
0.0627000000000009 6.44647155732773
0.062800000000001 6.42027924886316
0.0629000000000008 6.43327883460643
0.0630000000000009 6.42435326847722
0.0631000000000009 6.44133113969534
0.063200000000001 6.44195268974366
0.0633000000000008 6.44902215102681
0.0634000000000009 6.45849121655582
0.0635000000000009 6.49909947471912
0.063600000000001 6.47054212384347
0.0637000000000008 6.50172001181171
0.0638000000000008 6.47868891932629
0.0639000000000009 6.5147532520263
0.064000000000001 6.50440895793676
0.0641000000000008 6.56460521971989
0.0642000000000008 6.47167306473548
0.0643000000000009 6.57914125270172
0.064400000000001 6.56604200578653
0.0645000000000008 6.58008770182185
0.0646000000000008 6.56046294840342
0.0647000000000009 6.56864281423342
0.064800000000001 6.59944475773704
0.0649000000000009 6.56619382028852
0.0650000000000008 6.60433111178666
0.0651000000000009 6.60050174418221
0.065200000000001 6.53347703864686
0.065300000000001 6.58893609677311
0.0654000000000008 6.60803972460332
0.0655000000000009 6.61626980064748
0.0656000000000009 6.57879708657574
0.065700000000001 6.64041587974954
0.0658000000000008 6.59533643142956
0.0659000000000009 6.60261459986731
0.0660000000000009 6.65413625823941
0.066100000000001 6.63791547629232
0.0662000000000008 6.65107448788848
0.0663000000000009 6.64714288321515
0.0664000000000009 6.70024701771139
0.066500000000001 6.68688563468786
0.0666000000000008 6.6768024568896
0.0667000000000009 6.69112633534173
0.0668000000000009 6.68509890218328
0.066900000000001 6.6983570251818
0.0670000000000008 6.69827249867605
0.0671000000000009 6.7459345552328
0.0672000000000009 6.77055168747136
0.067300000000001 6.74018206048842
0.0674000000000008 6.74214889712747
0.0675000000000008 6.74970296732849
0.0676000000000009 6.7280588509454
0.067700000000001 6.75566048259597
0.0678000000000008 6.81633051841922
0.0679000000000008 6.79728614654053
0.0680000000000009 6.79859548903458
0.068100000000001 6.76562016029531
0.0682000000000009 6.79005296500968
0.0683000000000008 6.78443667076397
0.0684000000000009 6.7562446437231
0.068500000000001 6.78876409702998
0.068600000000001 6.85289276084288
0.0687000000000008 6.81263757745803
0.0688000000000009 6.83199003178278
0.068900000000001 6.87704028172134
0.069000000000001 6.88708010986803
0.0691000000000008 6.80337660259137
0.0692000000000009 6.82661502495066
0.0693000000000009 6.87747111894816
0.069400000000001 6.83231620287035
0.0695000000000008 6.80689442561752
0.0696000000000009 6.89818307509918
0.0697000000000009 6.86322814039238
0.069800000000001 6.91844640802691
0.0699000000000008 6.91586067056041
0.0700000000000009 6.97227259567145
0.0701000000000009 6.92698098470371
0.070200000000001 6.8764253824088
0.0703000000000008 6.92178981500453
0.0704000000000009 6.95129587735612
0.0705000000000009 6.9297403123817
0.070600000000001 6.86988528080146
0.0707000000000008 6.90969450509054
0.0708000000000008 6.9332921788827
0.0709000000000009 6.98321402761812
0.071000000000001 6.97247931010939
0.0711000000000008 6.97764971411502
0.0712000000000008 7.03801926915255
0.0713000000000009 7.02485852995257
0.071400000000001 6.97688933554823
0.0715000000000009 6.99084573816404
0.0716000000000008 6.96842579250675
0.0717000000000009 6.95419068012307
0.071800000000001 6.97939128819931
0.071900000000001 6.99022852441106
0.0720000000000008 7.00164299882082
0.0721000000000009 6.96916136382465
0.072200000000001 6.99742364968328
0.072300000000001 6.99222434839742
0.0724000000000008 6.94680620327766
0.0725000000000009 7.01307283752808
0.072600000000001 7.01521998914832
0.072700000000001 7.00662928443287
0.0728000000000008 7.05430821545274
0.0729000000000009 7.0770828640643
0.0730000000000009 7.12254123883726
0.073100000000001 7.09071487968713
0.0732000000000008 7.11797468439372
0.0733000000000009 7.11336057101332
0.0734000000000009 7.08918404392388
0.073500000000001 7.1402383042774
0.0736000000000008 7.06078207212249
0.0737000000000009 7.03019524838287
0.0738000000000009 7.06721920246226
0.073900000000001 7.1007410713137
0.0740000000000008 7.16625626997458
0.0741000000000008 7.17222129683107
0.0742000000000009 7.15990341101649
0.074300000000001 7.14874438244737
0.0744000000000008 7.1752280542072
0.0745000000000008 7.22910899904204
0.0746000000000009 7.21676314381519
0.074700000000001 7.21057382692616
0.0748000000000008 7.18213525719519
0.0749000000000008 7.21286826698836
0.0750000000000009 7.17416711762159
0.075100000000001 7.19623924769101
0.075200000000001 7.1950887715012
0.0753000000000008 7.20383111819105
0.0754000000000009 7.16232007927218
0.075500000000001 7.22430749098052
0.075600000000001 7.26431386238745
0.0757000000000008 7.25703464881179
0.0758000000000009 7.22737681748001
0.075900000000001 7.26153928030819
0.076000000000001 7.24976311283666
0.0761000000000008 7.24123363933603
0.0762000000000009 7.24249003589797
0.076300000000001 7.30709252991605
0.076400000000001 7.28182682916401
0.0765000000000008 7.34563589643381
0.0766000000000009 7.30768587234931
0.0767000000000009 7.32239983773488
0.076800000000001 7.30638400678601
0.0769000000000008 7.26751451351676
0.0770000000000009 7.32025079421851
0.0771000000000009 7.34328295585423
0.077200000000001 7.32885320269239
0.0773000000000008 7.39659355003825
0.0774000000000009 7.3806071105275
0.0775000000000009 7.32024891562514
0.077600000000001 7.37351515184326
0.0777000000000008 7.36708592899826
0.0778000000000008 7.36033767000284
0.0779000000000009 7.38855381627194
0.078000000000001 7.39476869218818
0.0781000000000008 7.33095122103716
0.0782000000000008 7.34687691224931
0.0783000000000009 7.34372830665281
0.078400000000001 7.36555008960807
0.078500000000001 7.36375029570835
0.0786000000000008 7.43209194970528
0.0787000000000009 7.43898666854804
0.078800000000001 7.40990297478379
0.078900000000001 7.4579832612284
0.0790000000000008 7.38523710180899
0.0791000000000009 7.38460090492526
0.079200000000001 7.4422684094757
0.079300000000001 7.45377178796613
0.0794000000000008 7.37390363074285
0.0795000000000009 7.43573562579826
0.0796000000000009 7.4548781142999
0.079700000000001 7.46651198534283
0.0798000000000008 7.4402152482085
0.0799000000000009 7.49936967810608
0.0800000000000009 7.46788712733225
0.080100000000001 7.42177828983455
0.0802000000000008 7.46914984141629
0.0803000000000009 7.54550177565624
0.0804000000000009 7.52667899329265
0.080500000000001 7.51587167488139
0.0806000000000008 7.52559326609357
0.0807000000000009 7.54210255041862
0.0808000000000009 7.51232118615349
0.080900000000001 7.55609151315605
0.0810000000000008 7.54211377573422
0.0811000000000009 7.55966559331475
0.0812000000000009 7.53687769053716
0.081300000000001 7.5197427939963
0.0814000000000008 7.52335855735783
0.0815000000000008 7.53247220287108
0.0816000000000009 7.54472313006997
0.081700000000001 7.53486581926401
0.0818000000000011 7.56464489834477
0.0819000000000008 7.53834186249629
0.0820000000000009 7.55305398098776
0.082100000000001 7.59664176355584
0.0822000000000011 7.55574950795534
0.0823000000000008 7.52763704566777
0.0824000000000009 7.4943981884445
0.082500000000001 7.52597091753641
0.082600000000001 7.59225421445138
0.0827000000000008 7.51065888449786
0.0828000000000009 7.5182436328969
0.082900000000001 7.53759347571642
0.083000000000001 7.49326289530415
0.0831000000000008 7.41023679309091
0.0832000000000009 7.32434670357491
0.083300000000001 7.22102661730639
0.083400000000001 7.02807606976603
0.0835000000000008 6.79404891284586
0.0836000000000009 6.54053154538481
0.0837000000000009 6.24868119224844
0.083800000000001 5.88517889888699
0.0839000000000008 5.5243451326294
