# Fix print output for fix out1
-1.26194358547688e-16 0.0228804117225124
0.000399999999998661 0.125031974331091
0.000799999999995556 0.309013508042106
0.00119999999999447 0.543830202331095
0.00159999999999124 0.562044566620995
0.00199999999999028 0.670790433700425
0.00239999999998705 0.820109576086937
0.00279999999998609 0.857256057107659
0.00319999999998286 0.884003922056921
0.0035999999999819 0.834342339223531
0.00399999999997892 0.893088037518165
0.00439999999997783 0.840755810973631
0.00479999999997485 0.977397773759791
0.00519999999997351 0.938957681839966
0.00559999999997041 1.03293596746501
0.00599999999996919 1.16967304270157
0.00639999999996647 1.27719025103982
0.006799999999965 1.34211166767686
0.00719999999996228 1.4126618024897
0.00759999999996069 1.4148786964731
0.00799999999995834 1.39140191109149
0.00839999999995637 1.36584562768247
0.00879999999995415 1.3853570593314
0.00919999999995218 1.41186391476058
0.00959999999994983 1.52231202640842
0.00999999999994811 1.6743037529796
0.0103999999999458 1.76137363052066
0.0107999999999435 1.84906211092545
0.0111999999999417 1.88920090265673
0.0115999999999393 1.90904100897875
0.0119999999999374 1.86755701116817
0.0123999999999353 1.90121645259158
0.0127999999999331 1.81979791399767
0.013199999999931 1.87119525755058
0.013599999999929 2.05249723275809
0.0139999999999266 2.14848207474018
0.0143999999999248 2.1924054882474
0.0147999999999223 2.29413320728508
0.0151999999999205 2.36862516525002
0.0155999999999181 2.40348520676283
0.015999999999916 2.32361628386073
0.0163999999999133 2.41708337335104
0.016799999999912 2.29952826436833
0.0171999999999091 2.32161093752098
0.0175999999999078 2.4612164675316
0.0179999999999051 2.52911606359044
0.0183999999999037 2.62589826065497
0.018799999999901 2.7369895005286
0.0191999999998994 2.81441324045507
0.0195999999998968 2.84374601508808
0.0199999999998952 2.87590882947401
0.0203999999998922 2.85362972886942
0.0207999999998913 2.87062475226644
0.0211999999998882 2.77243754862949
0.021599999999887 2.88774790877794
0.0219999999998841 2.92797525646302
0.0223999999998828 3.01214255752715
0.0227999999998798 3.1155865951263
0.0231999999998788 3.17640393390891
0.0235999999998758 3.27445699612151
0.0239999999998746 3.30026032647698
0.0243999999998715 3.29230890074035
0.0247999999998706 3.2729477292737
0.0251999999998675 3.27909633034391
0.0255999999998664 3.31757113130598
0.0259999999998635 3.24470384738502
0.0263999999998624 3.27860046879369
0.0267999999998592 3.45300207207673
0.0271999999998584 3.49565189892983
0.0275999999998553 3.58640522931852
0.0279999999998544 3.67758277640997
0.0283999999998512 3.7218010579679
0.0287999999998504 3.69132692736739
0.0291999999998468 3.73551892726376
0.0295999999998461 3.71270027281199
0.0299999999998426 3.73130850601371
0.0303999999998419 3.70286269686085
0.0307999999998382 3.78907262795938
0.0311999999998377 3.83665366875531
0.0315999999998341 3.83577368602677
0.0319999999998336 3.95835246665017
0.03239999999983 4.0596168688332
0.0327999999998293 4.08959006252385
0.0331999999998257 4.13422501261006
0.0335999999998251 4.15406536194805
0.0339999999998215 4.11377346367769
0.034399999999821 4.06425894848705
0.0347999999998173 4.1133504326081
0.0351999999998166 4.08638566026552
0.035599999999813 4.14120960588616
0.0359999999998124 4.30683132840839
0.036399999999809 4.3717052741527
0.0367999999998083 4.3749167168185
0.0371999999998048 4.46836263299826
0.0375999999998043 4.4751827974962
0.0379999999998007 4.56347999279973
0.0383999999997999 4.46744580789415
0.0387999999997962 4.51294464748046
0.0391999999997955 4.44542402236751
0.039599999999792 4.46834768466917
0.0399999999997913 4.49655596146261
0.040399999999788 4.46083320334008
0.0407999999997871 4.65312334221368
0.0411999999997839 4.68723506892603
0.0415999999997831 4.73424973906822
0.0419999999997798 4.82664123053781
0.0423999999997787 4.88440334101844
0.0427999999997755 4.85228649924273
0.0431999999997748 4.82326636175496
0.0435999999997716 4.83892456855508
0.0439999999997705 4.78254582990953
0.0443999999997673 4.78781961228191
0.0447999999997662 4.83909843161689
0.0451999999997627 4.83012656558763
0.045599999999762 5.03310556680416
0.0459999999997586 5.09720550559076
0.0463999999997579 5.17947389468157
0.0467999999997545 5.21155955246103
0.0471999999997538 5.23408370917866
0.0475999999997505 5.1914049474342
0.0479999999997498 5.17152394102201
0.0483999999997463 5.1769797828226
0.0487999999997456 5.06339225526521
0.0491999999997425 5.10751554067936
0.0495999999997414 5.04433754506772
0.0499999999997379 5.13721709602825
0.0503999999997372 5.0785334346407
0.0507999999997342 5.1133328890537
0.0511999999997329 5.3059033777135
0.05159999999973 5.17635983133833
0.0519999999997284 5.15510018360547
0.0523999999997255 5.11279453313419
0.0527999999997244 5.13354363469278
0.0531999999997216 4.98433737416978
0.0535999999997201 4.81946948590027
0.0539999999997172 4.73910315845473
0.0543999999997156 4.80986077495522
0.0547999999997131 4.90104743873696
0.0551999999997112 4.94889613477995
0.0555999999997089 4.91510385268728
0.0559999999997072 5.09682677071739
0.0563999999997041 5.10248541855713
0.0567999999997028 5.01472153859368
0.0571999999997004 5.06821474424852
0.0575999999996988 5.04557922595137
0.0579999999996962 4.98675733972309
0.0583999999996944 4.92411943918213
0.058799999999692 4.96374385996034
0.0591999999996905 5.01132679856154
0.0595999999996877 5.03365567607834
0.0599999999996863 5.1806377813282
0.0603999999996833 5.1708217700361
0.0607999999996821 5.26458454440732
0.0611999999996794 5.29900640443302
0.0615999999996779 5.35685333164245
0.0619999999996754 5.27408976319377
0.0623999999996739 5.29653822594955
0.062799999999671 5.12398665854806
0.06319999999967 5.17428617929108
0.0635999999996669 5.15547305095482
0.0639999999996659 5.17766591598424
0.0643999999996623 5.22737461319139
0.0647999999996614 5.23493290795723
0.0651999999996581 5.11583249828558
0.0655999999996571 5.30248144960627
0.0659999999996541 5.44871560143877
0.066399999999653 5.34434823529077
0.0667999999996499 5.37072898611994
0.0671999999996488 5.40821880710171
0.0675999999996459 5.3771137741107
0.0679999999996446 5.35319685352667
0.0683999999996412 5.33304584877088
0.0687999999996404 5.37022345952704
0.0691999999996371 5.36784792178029
0.0695999999996362 5.30467214539199
0.0699999999996329 5.28682843290945
0.070399999999632 5.25862153941992
0.0707999999996289 5.23300496731598
0.0711999999996281 5.2889623572047
0.0715999999996247 5.26191274276941
0.0719999999996239 5.18908809549921
0.0723999999996205 5.16928879932213
0.0727999999996197 5.10154006627636
0.0731999999996161 4.92321673046551
0.0735999999996153 4.84607737534122
0.0739999999996122 4.83415522083776
0.0743999999996113 4.76753810307728
0.074799999999608 4.6282583582108
0.0751999999996069 4.60327596405996
0.075599999999604 4.58282140877409
0.0759999999996027 4.45193941509485
0.0763999999996001 4.25580883555709
0.0767999999995982 4.07997297705566
0.0771999999995959 4.04155573632848
0.0775999999995941 3.79123394846303
0.0779999999995912 3.58084396083428
0.0783999999995899 3.34520901783365
0.0787999999995873 3.10797561580185
0.0791999999995857 3.12496751599837
0.0795999999995831 3.03866160974648
0.0799999999995812 2.79705510149297
0.0803999999995789 2.63172546710447
0.080799999999577 2.68001656320577
0.0811999999995747 2.49271182055022
0.0815999999995731 2.31838357672681
0.0819999999995702 2.26517621328384
0.0823999999995689 2.14013660412335
0.0827999999995658 2.03732215537419
0.0831999999995647 1.99665500261568
0.0835999999995616 2.0280455626384
0.08399999999956 1.9925356341025
0.0843999999995577 2.06429725491285
0.0847999999995553 2.13478488408178
0.0851999999995535 2.20911552722333
0.0855999999995514 2.06690573814726
0.0859999999995493 2.09260570937674
0.0863999999995474 2.07163574038234
0.0867999999995451 2.0104925116006
0.0871999999995428 1.77354358196491
0.0875999999995409 1.74888410935342
0.0879999999995386 1.72847908258168
0.088399999999537 1.6637789529504
0.0887999999995344 1.6974543068452
0.0891999999995325 1.72182564609545
0.0895999999995302 1.7378580138961
0.0899999999995283 1.79266450891516
0.0903999999995262 1.86662911441607
0.0907999999995239 1.74376117016935
0.0911999999995218 1.77240921452085
0.09159999999952 1.52792910180613
0.0919999999995176 1.52224128408292
0.0923999999995165 1.39982913166478
0.0927999999995137 1.30379004798508
0.0931999999995126 1.38490546138608
0.0935999999995097 1.35442229981281
0.0939999999995081 1.47724721041431
0.0943999999995053 1.56726305175384
0.0947999999995042 1.57073433577184
0.0951999999995013 1.64353745810753
0.0955999999995003 1.61293040544394
0.0959999999994972 1.5301066576624
0.0963999999994963 1.476029564316
0.096799999999493 1.38406000728812
0.0971999999994919 1.33304836067784
0.0975999999994888 1.39514870474695
0.0979999999994877 1.26488364800867
0.0983999999994843 1.42196041456321
0.0987999999994835 1.4480539906502
0.0991999999994801 1.51458154314295
0.0995999999994795 1.51319510475468
0.0999999999994759 1.72309480734627
0.100399999999475 1.77215606057539
0.100799999999471 1.7065544999593
0.101199999999471 1.72599845647184
0.101599999999467 1.59892805117254
0.101999999999466 1.63417269096922
0.102399999999463 1.58301924415452
0.102799999999462 1.56698320472033
0.103199999999459 1.59796908370831
0.103599999999458 1.55529930621723
0.103999999999455 1.66838319932227
0.104399999999454 1.75513375758691
0.104799999999451 1.83930398477652
0.10519999999945 1.97178981992291
0.105599999999446 1.89709033517356
0.105999999999446 1.79879720017483
0.106399999999442 1.81063306959229
0.106799999999441 1.84064115598219
0.107199999999438 1.74633759425683
0.107599999999437 1.72773170899918
0.107999999999434 1.69582678127265
0.108399999999433 1.74859224911788
0.10879999999943 1.72936289587283
0.109199999999429 1.8012298368733
0.109599999999426 1.97358092359426
0.109999999999425 1.99548253776994
0.110399999999421 1.93191125884827
0.110799999999421 1.97928038700049
0.111199999999417 2.01757351769783
0.111599999999416 1.97279615406595
0.111999999999413 1.93953172887433
0.112399999999412 1.91390347485863
0.112799999999409 1.87295032823156
0.113199999999408 1.83642896287387
0.113599999999405 1.77189334290205
0.113999999999404 1.75671604465166
0.1143999999994 1.9229554621431
0.1147999999994 1.83089748367351
0.115199999999397 1.84370464530452
0.115599999999395 1.86053092318514
0.115999999999393 1.9860203893538
0.116399999999392 1.86393710991657
0.116799999999388 1.75092689468295
0.117199999999388 1.87643796582511
0.117599999999384 1.89263812769986
0.117999999999383 1.90787409184703
0.11839999999938 1.91039947545844
0.118799999999378 1.97088503619162
0.119199999999376 1.95641578892479
0.119599999999374 1.73694999299893
0.119999999999371 1.83610571670336
0.12039999999937 1.65921452779329
0.120799999999367 1.80664808733731
0.121199999999366 1.71058558011006
0.121599999999363 1.66369560025919
0.121999999999361 1.52101679367902
0.122399999999359 1.50856575370361
0.122799999999357 1.42719701549507
0.123199999999354 1.33780025077704
0.123599999999352 1.40352125668968
0.12399999999935 1.39947609906621
0.124399999999349 1.38294912576161
0.124799999999347 1.50670949403128
0.125199999999345 1.47203756242552
0.125599999999343 1.58215587252807
0.12599999999934 1.677511296197
0.126399999999338 1.58062463502198
0.126799999999337 1.51840261380624
0.127199999999334 1.46169925891759
0.127599999999332 1.28877985902555
0.127999999999329 1.20353830249153
0.128399999999328 1.08442619775578
0.128799999999325 1.12877011265308
0.129199999999324 1.15073490786345
0.129599999999321 1.16494804092828
0.12999999999932 1.28393527758831
0.130399999999317 1.29367244278139
0.130799999999316 1.37901792663452
0.131199999999313 1.44127555954366
0.131599999999312 1.55371675048162
0.131999999999309 1.36988001616311
0.132399999999307 1.33096004901577
0.132799999999304 1.36379508687552
0.133199999999303 1.20613987702001
0.1335999999993 1.23658025760177
0.133999999999299 1.15377020124098
0.134399999999296 1.03761139962024
0.134799999999295 1.15738423206808
0.135199999999292 1.20476474748659
0.135599999999291 1.27284451395811
0.135999999999287 1.31584541063942
0.136399999999286 1.26784115016902
0.136799999999283 1.30960591883831
0.137199999999282 1.31946146396237
0.137599999999279 1.41635976527766
0.137999999999278 1.2933428318573
0.138399999999275 1.18366792645391
0.138799999999274 1.0588591704661
0.13919999999927 1.12024428507914
0.13959999999927 1.18199722730715
0.139999999999266 1.22138876765729
0.140399999999265 1.23122283582589
0.140799999999262 1.34381079282324
0.141199999999261 1.42779875364371
0.141599999999258 1.43078069372048
0.141999999999257 1.41088502064881
0.142399999999253 1.49845563895498
0.142799999999252 1.51384540687917
0.14319999999925 1.46824603997807
0.143599999999249 1.3396053511387
0.143999999999245 1.29031650973837
0.144399999999243 1.26249460925136
0.144799999999242 1.23657054148487
0.14519999999924 1.28464913227497
0.145599999999237 1.298961203178
0.145999999999236 1.42071481991389
0.146399999999233 1.4565308015917
0.146799999999232 1.57342011305598
0.147199999999229 1.74695361630526
0.147599999999227 1.51670541950414
0.147999999999225 1.53673182423802
0.148399999999223 1.66543649599112
0.14879999999922 1.54857993420177
0.149199999999219 1.45400245571552
0.149599999999215 1.43004621426906
0.149999999999215 1.37980302729428
0.150399999999211 1.48771394876023
0.15079999999921 1.32820952893683
0.151199999999207 1.46514963139406
0.151599999999206 1.42563612836258
0.151999999999203 1.54646538105799
0.152399999999201 1.37610698855503
0.152799999999199 1.57440620787874
0.153199999999197 1.45289501093451
0.153599999999195 1.39751715670801
0.153999999999193 1.41609540202794
0.154399999999191 1.45978998443756
0.154799999999189 1.50362604486765
0.155199999999187 1.53727488286115
0.155599999999184 1.45702777462121
0.155999999999182 1.47846753612072
0.156399999999181 1.43350589870318
0.156799999999178 1.42338609192747
0.157199999999176 1.47014843448167
0.157599999999174 1.3524841547084
0.157999999999172 1.50424911908933
0.15839999999917 1.38151655939314
0.158799999999167 1.3763919570726
0.159199999999165 1.46849666506688
0.159599999999164 1.44316024609643
0.159999999999162 1.34525014464245
0.160399999999159 1.3572730893394
0.160799999999157 1.38508157991984
0.161199999999155 1.39543697544046
0.161599999999154 1.37879653298988
0.16199999999915 1.48025589796148
0.162399999999149 1.39158536634928
0.162799999999147 1.42473829401778
0.163199999999145 1.28529376489154
0.163599999999143 1.33634773611775
0.163999999999141 1.21463918637817
0.164399999999139 1.13651912975864
0.164799999999137 1.25272157439906
0.165199999999134 1.22462757546793
0.165599999999132 1.24874321278254
0.16599999999913 1.26332864370055
0.166399999999129 1.22619640620453
0.166799999999126 1.16657079450792
0.167199999999124 1.21955929222122
0.167599999999122 1.2001091851299
0.167999999999121 1.24390879755952
0.168399999999117 1.14655048261671
0.168799999999116 1.34928101674561
0.169199999999114 1.22688774438568
0.169599999999112 1.0397333720777
0.169999999999109 0.989091813856325
0.170399999999108 0.971904533896303
0.170799999999105 0.969771168121069
0.171199999999104 0.911579796751152
0.1715999999991 1.01759724832727
0.1719999999991 1.11298727726583
0.172399999999097 1.09428252250303
0.172799999999096 1.09615592066059
0.173199999999092 1.27815782637406
0.173599999999091 1.21888367670494
0.173999999999088 1.20943892544984
0.174399999999087 1.14277772409008
0.174799999999083 1.05722778637971
0.175199999999083 1.0303382141852
0.17559999999908 1.04406571290761
0.175999999999078 1.05581580901159
0.176399999999075 1.05716879103093
0.176799999999075 1.18126925080227
0.177199999999072 1.29613770236574
0.177599999999071 1.20545195257689
0.177999999999067 1.3154775229465
0.178399999999066 1.28303935484555
0.178799999999063 1.29508527102569
0.179199999999062 1.17780311400656
0.179599999999059 1.24593624139156
0.179999999999058 1.17736385412684
0.180399999999055 1.09464565373103
0.180799999999053 1.16462885435643
0.18119999999905 1.12795774783069
0.18159999999905 1.10427102349288
0.181999999999047 1.22519972763102
0.182399999999045 1.25910275729396
0.182799999999042 1.35983922165232
0.183199999999041 1.38064543183044
0.183599999999039 1.37120149608243
0.183999999999036 1.33338171900816
0.184399999999034 1.12633940429112
0.184799999999033 1.1344610788779
0.18519999999903 1.14092893494716
0.185599999999028 1.12984574455356
0.185999999999026 1.1333216445154
0.186399999999025 1.1761555878493
0.186799999999022 1.17193014593811
0.18719999999902 1.16568592119884
0.187599999999018 1.25874016485784
0.187999999999017 1.27198709170589
0.188399999999014 1.23894463154369
0.188799999999011 1.20670695210608
0.189199999999009 1.04024096254038
0.189599999999008 0.937378677605886
0.189999999999005 0.947875559117742
0.190399999999003 0.924645874166082
0.190799999999 0.812255115935977
0.191199999999 0.760898252394786
0.191599999998997 0.836232968747445
0.191999999998995 0.812944565947562
0.192399999998991 0.967999999380161
0.192799999998991 1.07155535760185
0.193199999998988 1.0184009008071
0.193599999998986 0.918074984675876
0.193999999998983 0.949233772198892
0.194399999998982 0.891954031027961
0.19479999999898 0.895223497613659
0.195199999998978 0.889538086279913
0.195599999998975 0.875326239499792
0.195999999998974 0.787735584647637
0.196399999998971 0.914722975792139
0.196799999998969 0.77101770946701
0.197199999998967 0.878371840310003
0.197599999998966 0.948723351025957
0.197999999998963 1.03080226611418
0.198399999998961 1.11282403123286
0.198799999998958 1.03087081391847
0.199199999998958 1.04826752453023
0.199599999998955 1.00595653472506
0.199999999998953 0.991650769289107
0.20039999999895 0.866632631294333
0.200799999998949 0.871906877786916
0.201199999998947 0.776472046924006
0.201599999998944 0.860373391648658
0.201999999998942 0.961362490809496
0.202399999998941 1.03789285103812
0.202799999998938 1.05942169364355
0.203199999998936 1.04735138385966
0.203599999998933 1.08107351657218
0.203999999998933 1.12081181051676
0.204399999998929 1.01417858458426
0.204799999998927 1.08913518851361
0.205199999998924 0.888731278309928
0.205599999998924 0.747986636428176
0.205999999998921 0.67648742514755
0.206399999998919 0.695269639785272
0.206799999998916 0.661848982615287
0.207199999998916 0.751878359995486
0.207599999998912 0.769533835118028
0.207999999998911 0.639935701620618
0.208399999998908 0.711800198279757
0.208799999998907 0.802396920015237
0.209199999998904 0.693502697736015
0.209599999998902 0.628921431882578
0.209999999998899 0.561548440213788
0.210399999998899 0.441989753439257
0.210799999998896 0.505714821897678
0.211199999998894 0.512102965412148
0.211599999998891 0.568344684231982
0.21199999999889 0.610106235933743
0.212399999998888 0.6211527932205
0.212799999998885 0.68098598767671
0.213199999998882 0.758237770141745
0.213599999998882 0.73505842122018
0.213999999998879 0.794400800408212
0.214399999998877 0.685894321449021
0.214799999998874 0.618374100019877
0.215199999998874 0.511237019520354
0.215599999998871 0.509774671548703
0.215999999998869 0.485222182029733
0.216399999998865 0.52042930248474
0.216799999998865 0.661457269947051
0.217199999998862 0.726874540628664
0.21759999999886 0.772090281435142
0.217999999998857 0.832119007879729
0.218399999998856 0.866239175447812
0.218799999998854 0.98800359163025
0.219199999998852 0.903773559643488
0.219599999998848 0.691900111387418
0.219999999998848 0.662560115237377
0.220399999998845 0.689832512425782
0.220799999998843 0.583987824620715
0.22119999999884 0.56465707753047
0.221599999998839 0.628056761299153
0.221999999998837 0.738684097554069
0.222399999998835 0.800191654227376
0.222799999998832 0.843387657517914
0.223199999998831 0.840801018977711
0.223599999998828 0.935650139982694
0.223999999998826 0.777213588791413
0.224399999998824 0.763829277651934
0.224799999998822 0.72510734847145
0.22519999999882 0.686307206320942
0.225599999998818 0.718642685557333
0.225999999998815 0.619252421723095
0.226399999998814 0.824252299445018
0.226799999998812 0.808952124919645
0.227199999998809 0.865106836648399
0.227599999998807 0.976803033124446
0.227999999998806 1.01178229382816
0.228399999998803 0.930273268215576
0.228799999998801 1.04485047672474
0.229199999998799 0.884189034160963
0.229599999998798 0.780828019777129
0.229999999998795 0.785565447307672
0.230399999998793 0.763553256160841
0.230799999998791 0.774678938574842
0.231199999998789 0.711035823886026
0.231599999998787 0.647981458524155
0.231999999998784 0.905869552547672
0.232399999998782 1.11011938288575
0.23279999999878 1.00186861878437
0.233199999998779 0.968984256221066
0.233599999998776 1.00365787806405
0.233999999998774 1.07702121784597
0.234399999998772 0.99890431528491
0.234799999998771 0.874125960376376
0.235199999998768 0.843516688538917
0.235599999998766 0.737422396009832
0.235999999998764 0.780963879452501
0.236399999998762 0.644662831537405
0.236799999998759 0.662236395630232
0.237199999998757 0.746953084942638
0.237599999998755 0.782920217976908
0.237999999998754 0.761029266461882
0.238399999998751 0.704131966247016
0.23879999999875 0.520612385155016
0.239199999998746 0.511304421002317
0.239599999998745 0.525964221550515
0.239999999998742 0.592229658078583
0.240399999998741 0.630793994411853
0.240799999998738 0.553218776374649
0.241199999998737 0.650933774068302
0.241599999998734 0.705053122339637
0.241999999998733 0.76313808432836
0.24239999999873 0.731001604500878
0.242799999998728 0.730772212713293
0.243199999998726 0.784355699862639
0.243599999998724 0.576152815646688
0.243999999998722 0.51042508303564
0.24439999999872 0.511728623136783
0.244799999998717 0.483892637258958
0.245199999998716 0.42408182043961
0.245599999998713 0.507657781888576
0.245999999998712 0.566291740174551
0.246399999998709 0.561842743490167
0.246799999998708 0.618935276648671
0.247199999998705 0.528789090353426
0.247599999998703 0.56853658075922
0.247999999998701 0.462331660420113
0.2483999999987 0.532627798004525
0.248799999998697 0.493849519604004
0.249199999998694 0.427900376686656
0.249599999998693 0.412731313907725
0.249999999998691 0.366341850683679
0.250399999998689 0.561773951260435
0.250799999998686 0.419079428607182
0.251199999998685 0.49912993875519
0.251599999998683 0.520035313821868
0.25199999999868 0.651445271957886
0.252399999998678 0.645279492201873
0.252799999998676 0.654617684161989
0.253199999998675 0.614097105143221
0.253599999998672 0.541301491148239
0.253999999998669 0.617747226239766
0.254399999998668 0.706130276800884
0.254799999998667 0.509421979762569
0.255199999998664 0.499224006581044
0.255599999998661 0.528516847062479
0.255999999998659 0.58488297855299
0.256399999998658 0.641965855462507
0.256799999998655 0.574659330020565
0.257199999998653 0.615233920673207
0.257599999998651 0.679925877796059
0.25799999999865 0.757195082853086
0.258399999998647 0.63958333447442
0.258799999998644 0.64812008894981
0.259199999998642 0.549409844153805
0.259599999998641 0.655458607490469
0.259999999998639 0.574800302829792
0.260399999998636 0.556426078028118
0.260799999998634 0.696135100978768
0.261199999998633 0.667605820971489
0.26159999999863 0.700643881214742
0.261999999998628 0.771945286648728
0.262399999998626 0.782945105556971
0.262799999998625 0.80583092474483
0.263199999998621 0.766015601921953
0.263599999998619 0.718003142545083
0.263999999998618 0.769073894233133
0.264399999998616 0.63058251342862
0.264799999998613 0.672214353252996
0.265199999998611 0.703348506770714
0.265599999998609 0.746131016119649
0.265999999998608 0.718896424340442
0.266399999998604 0.792697196432326
0.266799999998602 0.760062966780388
0.267199999998601 0.804992174898081
0.267599999998599 0.791539007574141
0.267999999998596 0.917408264434229
0.268399999998594 0.808180962193641
0.268799999998592 0.685117360069388
0.269199999998591 0.663481119552153
0.269599999998587 0.722425264260707
0.269999999998586 0.677622328370263
0.270399999998584 0.712815845556838
0.270799999998583 0.821942974803839
0.271199999998579 0.854225819839189
0.271599999998578 0.784790718045586
0.271999999998575 0.796429512832436
0.272399999998574 0.793732191173931
0.272799999998571 0.682506681480581
0.273199999998569 0.64785896207377
0.273599999998567 0.675321441380067
0.273999999998566 0.657493748486413
0.274399999998563 0.678084611591724
0.274799999998561 0.771965898156709
0.275199999998559 0.734653289539311
0.275599999998557 0.882212704016368
0.275999999998554 0.845818065070055
0.276399999998552 0.7654488847228
0.27679999999855 0.811079272114829
0.277199999998549 0.766054123184697
0.277599999998546 0.64866792763726
0.277999999998544 0.558613984187352
0.278399999998542 0.583131736803778
0.27879999999854 0.608412187293949
0.279199999998538 0.585619272638546
0.279599999998535 0.510814670510227
0.279999999998534 0.659575293420127
0.280399999998532 0.75256672341693
0.280799999998529 0.841979073473547
0.281199999998527 0.816367395602447
0.281599999998526 0.851480229408472
0.281999999998523 0.756526253241452
0.28239999999852 0.786510591883276
0.282799999998519 0.617686266125938
0.283199999998517 0.449589906023346
0.283599999998515 0.414773515375469
0.283999999998511 0.359609719347399
0.28439999999851 0.375115817282675
0.284799999998508 0.484116356333289
0.285199999998506 0.417877890465223
0.285599999998504 0.451937039729681
0.285999999998501 0.593802766739103
0.2863999999985 0.614047559335636
0.286799999998498 0.562487567838325
0.287199999998495 0.518709173648108
0.287599999998492 0.357905159242715
0.287999999998491 0.276407274551563
0.288399999998489 0.189954747508537
0.288799999998486 0.129236990708876
0.289199999998485 0.197890983102097
0.289599999998483 0.193944727306104
0.289999999998481 0.271262719918278
0.290399999998478 0.448746208660243
0.290799999998476 0.405320514616167
0.291199999998474 0.387330519063261
0.291599999998472 0.352618601847506
0.29199999999847 0.546071569965881
0.292399999998467 0.458453280010472
0.292799999998466 0.402039780573121
0.293199999998464 0.359476089810874
0.293599999998461 0.311254950125184
0.293999999998459 0.229151567827091
0.294399999998457 0.326080346809617
0.294799999998456 0.331078684698402
0.295199999998453 0.290534494530614
0.295599999998451 0.450041486411835
0.295999999998449 0.467706933308971
0.296399999998447 0.615232432487443
0.296799999998444 0.623273054099656
0.297199999998443 0.555486528512663
0.297599999998441 0.536941538240452
0.297999999998438 0.496543481715588
0.298399999998436 0.427995373703009
0.298799999998434 0.333917945709456
0.299199999998433 0.334438968491019
0.29959999999843 0.375609505174178
0.299999999998428 0.54591883595978
