# Fix print output for fix out1
0 0.236402009993652
0.000200000000000145 0.296699011109145
0.000399999999999944 0.185540913397233
0.00060000000000009 0.458769588879104
0.000799999999999889 0.0898965878663717
0.00100000000000003 0.375685600847044
0.00119999999999983 0.211412777228283
0.00139999999999998 0.454416369306653
0.00160000000000012 0.36212676301756
0.00179999999999992 0.453062835593626
0.00200000000000007 0.664681946380743
0.00219999999999987 0.513309722273568
0.00240000000000001 0.893058913068664
0.00260000000000016 0.421650508526319
0.00279999999999996 0.722541805904996
0.0030000000000001 0.395518838515251
0.0031999999999999 0.656165871608452
0.00340000000000005 0.462442561062666
0.00359999999999985 0.576839783851313
0.00379999999999999 0.389846347419613
0.00400000000000014 0.52032352160941
0.00419999999999993 0.757751016202426
0.00440000000000008 0.568387400621874
0.00459999999999988 1.18731879629866
0.00480000000000002 0.766290479607312
0.00500000000000017 1.36513411756447
0.00519999999999997 0.870838451521653
0.00540000000000011 1.3008870877784
0.00559999999999991 0.922706450648338
0.00580000000000006 1.16478504005866
0.00599999999999986 0.971170323943888
0.0062 0.939023640834258
0.00640000000000015 0.818084206427232
0.00659999999999995 0.667927106353011
0.00680000000000009 0.769518167404901
0.00699999999999989 0.764867317542098
0.00720000000000004 1.04631956448065
0.00739999999999984 0.964727162383463
0.00759999999999998 1.3788529207343
0.00780000000000013 1.33343988502374
0.00799999999999993 1.46938935067863
0.00820000000000007 1.50692075325003
0.00839999999999987 1.45556038318592
0.00860000000000002 1.45772158893144
0.00880000000000016 1.27241728241711
0.00899999999999996 1.23621095557807
0.0092000000000001 1.32533607433706
0.0093999999999999 1.22815650795809
0.00960000000000005 1.17541877994698
0.00979999999999985 1.09892407151597
0.00999999999999999 1.39910385071899
0.0102000000000001 1.05543615579264
0.0103999999999999 1.68948190764376
0.0106000000000001 1.45944569282863
0.0107999999999999 1.89661561737786
0.011 1.72773517132523
0.0112000000000002 1.69430519307131
0.0114 1.89233905126619
0.0116000000000001 1.60674747184788
0.0117999999999999 1.55496216626943
0.0120000000000001 1.34703191107381
0.0121999999999999 1.61287721566726
0.0124 1.24277465546071
0.0126000000000002 1.74199330771624
0.0128 1.53748336097199
0.0130000000000001 1.80680568186817
0.0131999999999999 1.90276095690987
0.0134 2.02710157393318
0.0135999999999998 2.13394324363318
0.0138 1.9880168220909
0.0140000000000001 2.29212527824876
0.0141999999999999 1.81152061707891
0.0144000000000001 2.04855172387087
0.0145999999999999 1.54593257638537
0.0148 1.8804739700844
0.0150000000000002 1.77214776734236
0.0152 1.9709435335902
0.0154000000000001 2.00307886717043
0.0155999999999999 2.08897117614938
0.0158000000000001 2.31450331142633
0.0159999999999999 2.14458296625375
0.0162 2.35031789944563
0.0164000000000001 2.20312408205423
0.0165999999999999 2.44948696199015
0.0168000000000001 2.15367563092679
0.0169999999999999 2.26147803135659
0.0172 2.23723802301916
0.0173999999999998 2.00527906767645
0.0176 2.32323682398031
0.0178000000000001 2.08303111146521
0.0179999999999999 2.50914323035009
0.0182000000000001 2.09282702517616
0.0183999999999999 2.53786673276167
0.0186 2.2480013463713
0.0188000000000002 2.60482826351284
0.019 2.51518465175368
0.0192000000000001 2.5616157153374
0.0193999999999999 2.67859318819504
0.0196 2.45292780813006
0.0197999999999998 2.73880650400093
0.02 2.21366261905502
0.0202000000000001 2.64871091318814
0.0203999999999999 2.32181411233212
0.0206000000000001 2.60209886820052
0.0207999999999999 2.51317797533659
0.021 2.68917991678502
0.0212000000000002 2.96712302595633
0.0214 2.68729673278461
0.0216000000000001 3.01866939083477
0.0217999999999999 2.63949864199936
0.0220000000000001 2.95996251962167
0.0221999999999999 2.53100824447999
0.0224 2.74303736484235
0.0226000000000001 2.79471315126212
0.0227999999999999 2.60005994816852
0.0230000000000001 3.11377393818902
0.0231999999999999 2.69276312258896
0.0234 3.39987622378804
0.0235999999999998 2.87165752820955
0.0238 3.18023474636532
0.0240000000000001 3.13465365598599
0.0241999999999999 2.99576365532502
0.0244000000000001 3.12114376032023
0.0245999999999999 2.92921194192294
0.0248 2.99914247413156
0.0250000000000002 2.69612386376099
0.0252 3.17218323967812
0.0254000000000001 2.84082064963971
0.0255999999999999 3.27435900954128
0.0258 3.30980090139828
0.0259999999999998 3.39196321222003
0.0262 3.51815199046771
0.0264000000000001 3.23006704140869
0.0265999999999999 3.40352180349946
0.0268000000000001 3.02114903773951
0.0269999999999999 3.23966451505396
0.0272 3.09421145692397
0.0274000000000002 3.16658867878341
0.0276 3.3332930737647
0.0278000000000001 3.21753343322826
0.0279999999999999 3.47483070013713
0.0282000000000001 3.36782701915136
0.0283999999999999 3.69023086474842
0.0286 3.67925344131481
0.0288000000000001 3.57364750085767
0.0289999999999999 3.7509014684193
0.0292000000000001 3.31281001650131
0.0293999999999999 3.56288623020234
0.0296 3.25740719866321
0.0297999999999998 3.40292338743817
0.03 3.50030560181008
0.0302000000000001 3.66248003948143
0.0303999999999999 3.55045398005565
0.0306000000000001 3.73682777884029
0.0307999999999999 3.84383624826734
0.031 3.82034365619471
0.0312000000000002 3.96686443547768
0.0314 3.59561584919948
0.0316000000000001 3.61230235968212
0.0317999999999999 3.46886583379793
0.032 3.49536474008383
0.0321999999999998 3.56171196552501
0.0324 3.65731616125197
0.0326000000000001 3.78782607102361
0.0327999999999999 4.00864721689094
0.0330000000000001 3.90402290781344
0.0331999999999999 3.96559424806675
0.0334 3.9075527024383
0.0335999999999998 4.05508096755829
0.0338 3.84603062607438
0.0340000000000001 3.91501405741543
0.0341999999999999 3.8013305978238
0.0344000000000001 3.78794397589358
0.0345999999999999 4.08019051671954
0.0348 4.02936565305985
0.0350000000000001 4.15503414810506
0.0351999999999999 3.92493940518766
0.0354000000000001 4.12310905361875
0.0355999999999999 3.95100448378264
0.0358 4.02602535616865
0.0359999999999998 3.94555007302554
0.0362 3.96709839227345
0.0364000000000001 4.20487129567941
0.0365999999999999 3.89949067689546
0.0368000000000001 4.37186338277946
0.0369999999999999 4.11197952380886
0.0372 4.1118396507688
0.0374000000000002 4.24198396297231
0.0376 3.96755121664153
0.0378000000000001 4.36814668622701
0.0379999999999999 3.93597204528425
0.0382 4.08928051401048
0.0383999999999999 4.17473710590321
0.0386 4.07137838898046
0.0388000000000001 4.53036355791741
0.0389999999999999 4.17250604912014
0.0392000000000001 4.6979776658435
0.0393999999999999 4.30871196252554
0.0396 4.56955122886433
0.0398000000000002 4.34587439573537
0.04 4.11568264086071
0.0402000000000001 4.42334728280228
0.0403999999999999 4.13238271221733
0.0406000000000001 4.39819494691511
0.0407999999999999 4.36750886516303
0.041 4.44376998553841
0.0412000000000002 4.73635832914339
0.0414 4.29033655699378
0.0416000000000001 4.91607239359226
0.0417999999999999 3.97877822550332
0.042 4.66274232509753
0.0421999999999998 4.14779371168033
0.0424 4.31408542220982
0.0426000000000001 4.5469946608817
0.0427999999999999 4.36936699699074
0.0430000000000001 4.82429537244632
0.0431999999999999 4.66670799190182
0.0434 4.85756435196988
0.0436000000000002 4.7496030556615
0.0438 4.56840304621424
0.0440000000000001 4.55898556419704
0.0441999999999999 4.20679009366889
0.0444000000000001 4.58131307660412
0.0445999999999998 4.3414028197316
0.0448 4.61925289797263
0.0450000000000001 5.02701542415548
0.0451999999999999 4.93486963938242
0.0454000000000001 5.17933622973231
0.0455999999999999 4.88139571894838
0.0458 4.95147207525501
0.0459999999999998 4.55404999063382
0.0462 4.70264394347062
0.0464000000000001 4.60369282461094
0.0465999999999999 4.57724779063085
0.0468000000000001 4.78053434443445
0.0469999999999999 5.04064875973417
0.0472 5.16484144031476
0.0474000000000002 5.11791163503757
0.0476 5.09452377878989
0.0478000000000001 4.90363185681011
0.0479999999999999 4.68794477294667
0.0482 4.47320259236342
0.0483999999999998 4.58333835548905
0.0486 4.85712234804773
0.0488000000000001 5.05316466122888
0.0489999999999999 5.27830144072517
0.0492000000000001 5.07062146575286
0.0493999999999999 5.04693939749838
0.0496 4.9876849429063
0.0497999999999998 4.82070394810126
0.05 4.68016520036262
0.0502000000000001 4.81920702744765
0.0503999999999999 4.9291905645266
0.0506000000000001 5.06344352060916
0.0507999999999999 5.37869257710247
0.051 5.43552001419965
0.0512000000000001 5.36939590503345
0.0513999999999999 5.10192331639258
0.0516000000000001 5.03580538684932
0.0517999999999999 4.72662395726394
0.052 4.85222486345879
0.0522000000000002 5.08280749029965
0.0524 5.1134779549439
0.0526000000000001 5.26017316014657
0.0527999999999999 5.40478478950685
0.0530000000000001 5.31003529080729
0.0531999999999999 5.09462030063078
0.0534 4.9754176672966
0.0536000000000002 4.76297688660482
0.0538 4.77137593699239
0.0540000000000001 5.07757272794646
0.0541999999999999 5.30260958409202
0.0544 5.43423059416404
0.0545999999999998 5.53081075781947
0.0548 5.29594097145555
0.0550000000000001 5.51512202337684
0.0551999999999999 5.14485601994645
0.0554000000000001 5.22960782024879
0.0555999999999999 5.1184085194225
0.0558 5.38554509319284
0.0560000000000002 5.31675250817384
0.0562 5.15059255068106
0.0564000000000001 5.57856812263204
0.0565999999999999 5.34222348704519
0.0568000000000001 5.45442621663585
0.0569999999999999 5.44427514485639
0.0572 5.18510772483928
0.0574000000000001 5.48054617978071
0.0575999999999999 5.40495687328362
0.0578000000000001 5.23973436627267
0.0579999999999999 5.46325880770088
0.0582 5.17941550115075
0.0583999999999998 5.60713699387524
0.0586 5.23622964708112
0.0588000000000001 5.47885409707511
0.0589999999999999 5.38038851072865
0.0592000000000001 5.43647935124969
0.0593999999999999 5.53186785225837
0.0596 5.1283629629271
0.0598000000000002 5.71209765445971
0.06 4.98952056703284
0.0602000000000001 5.21661327750808
0.0603999999999999 5.6346524342195
0.0606 5.27221238448959
0.0607999999999998 5.5863188272831
0.061 5.59297016802206
0.0612000000000001 5.47284825166048
0.0613999999999999 5.45367815730418
0.0616000000000001 5.33924159052119
0.0617999999999999 5.62596382219538
0.062 5.35270008783009
0.0621999999999998 5.4930515949266
0.0624 5.64766589944513
0.0626000000000001 5.41754552200811
0.0627999999999999 5.64665492072544
0.0630000000000001 5.4448415732112
0.0631999999999999 5.40798992076252
0.0634 5.40268803647791
0.0636000000000002 5.50936152925935
0.0638 5.51442245075829
0.0640000000000001 5.59419216124326
0.0641999999999999 5.67364917465316
0.0644 5.64181462825673
0.0645999999999998 5.60969502973664
0.0648 5.29939895566324
0.0650000000000001 5.70456319793162
0.0651999999999999 5.60535027998675
0.0654000000000001 5.53300085244014
0.0655999999999999 5.44093028231237
0.0658 5.58236929107676
0.0660000000000002 5.42969523201699
0.0662 5.71913795891207
0.0664000000000001 5.73264023426902
0.0665999999999999 5.63506409187238
0.0668000000000001 5.63618429949989
0.0669999999999999 5.49596443244748
0.0672 5.785979564828
0.0674000000000001 5.40964804455152
0.0675999999999999 5.51691168209205
0.0678000000000001 5.71753594966971
0.0679999999999999 5.77569254076267
0.0682 5.6366259499284
0.0684000000000002 5.74417882804316
0.0686 5.62623104580035
0.0688000000000001 5.6747156968058
0.0689999999999999 5.72619406593269
0.0692000000000001 5.52125198427076
0.0693999999999999 5.88531354505704
0.0696 5.59369390244061
0.0698000000000002 5.57672346226576
0.07 5.80130362485316
0.0702000000000001 5.62904000694215
0.0703999999999999 5.57831068655822
0.0706 5.6652454002798
0.0707999999999998 5.85275700347096
0.071 5.86508722236771
0.0712000000000001 5.44027351003097
0.0713999999999999 5.9714244624269
0.0716000000000001 5.60105716513137
0.0717999999999999 5.58714306168954
0.072 5.85173645326331
0.0722000000000002 5.59339136089121
0.0724 5.87619749234759
0.0726000000000001 5.98464531434668
0.0727999999999999 5.48729803074486
0.0730000000000001 5.59920946894613
0.0731999999999998 5.47750877015207
0.0734 5.69215092793748
0.0736000000000001 5.91174000919496
0.0737999999999999 5.61263764405869
0.0740000000000001 5.97042819587408
0.0741999999999999 5.9429849987921
0.0744 5.40038493304698
0.0745999999999998 5.85303651480667
0.0748 5.23199114782821
0.0750000000000001 5.52084963486547
0.0751999999999999 6.16474697450146
0.0754000000000001 5.77767011912246
0.0755999999999999 6.25482711618708
0.0758 5.78957703610646
0.0760000000000002 5.39573370063956
0.0761999999999999 5.04466184141074
0.0764000000000001 3.92918454642601
0.0765999999999999 2.09860121120051
0.0768 2.02278562492301
