# Fix print output for fix out1
-1.3514280950096e-15 0.0408288939764444
0.000400000000003497 0.219127811326846
0.000800000000009206 0.405347586963278
0.00120000000001307 0.422046280244975
0.0016000000000189 0.463068234577387
0.0020000000000224 0.503844794345347
0.00240000000002774 0.591078088273538
0.0028000000000321 0.621489781837194
0.00320000000003744 0.6813522708405
0.00360000000004241 0.747461137934572
0.0040000000000464 0.76547645491422
0.00440000000005247 0.79121282134335
0.00480000000005634 0.801296137933521
0.00520000000006205 0.805192790116152
0.00560000000006579 0.833919981028521
0.00600000000007052 0.878450244430612
0.006400000000075 0.927861996711771
0.00680000000008034 0.949777251716974
0.00720000000008555 1.02728399221883
0.00760000000008954 1.05864977835242
0.00800000000009599 1.13382296192541
0.00840000000009936 1.18473854595613
0.00880000000010458 1.26210131043301
0.00920000000010894 1.22345967021116
0.00960000000011366 1.26237477401955
0.0100000000001183 1.3228138974335
0.0104000000001237 1.28324817648757
0.0108000000001292 1.28504858780187
0.0112000000001331 1.36252015511333
0.011600000000139 1.40128654551256
0.0120000000001426 1.38838548658116
0.0124000000001476 1.50587902966586
0.0128000000001521 1.57453198538088
0.0132000000001575 1.55805900866131
0.0136000000001624 1.6149853214821
0.0140000000001663 1.68835467803802
0.0144000000001722 1.62742121291596
0.0148000000001764 1.70567875988359
0.0152000000001819 1.70040236928291
0.0156000000001857 1.6642135108079
0.0160000000001904 1.72545633809791
0.0164000000001947 1.84665871600795
0.0168000000002001 1.81810558100206
0.0172000000002053 1.88521598750196
0.0176000000002093 1.91171601546424
0.0180000000002151 1.95857453555172
0.0184000000002189 1.95104791866986
0.0188000000002235 2.10539809534533
0.0192000000002276 2.1071765822575
0.0196000000002321 2.12432493181186
0.020000000000236 2.12534961096982
0.0204000000002403 2.11171273462758
0.0208000000002441 2.12690646249246
0.0212000000002473 2.19037670878948
0.0216000000002515 2.22690448740316
0.0220000000002544 2.19491880152145
0.0224000000002568 2.23505394663108
0.0228000000002598 2.36562324935194
0.0232000000002625 2.39893190023655
0.0236000000002646 2.36719037210178
0.0240000000002654 2.45247580254639
0.0244000000002676 2.48705723707965
0.0248000000002688 2.54759751943309
0.0252000000002696 2.55392510991295
0.0256000000002698 2.58994939385629
0.0260000000002695 2.60202204080438
0.0264000000002705 2.61674501898003
0.0268000000002693 2.63414201001163
0.02720000000027 2.69751376389061
0.0276000000002676 2.64483668351624
0.0280000000002681 2.70819783258987
0.0284000000002669 2.84003647942879
0.0288000000002658 2.81817174457006
0.0292000000002639 2.8605931760696
0.0296000000002631 2.93548315234341
0.0300000000002625 2.98790753268019
0.0304000000002606 2.96598612172101
0.0308000000002598 2.96786531925827
0.0312000000002577 3.03043557888712
0.0316000000002575 3.0485691818674
0.0320000000002552 3.07390114963637
0.0324000000002545 3.10476068702135
0.0328000000002524 3.10969893644893
0.0332000000002521 3.10087389567592
0.0336000000002513 3.20652058989676
0.0340000000002491 3.23976091663635
0.0344000000002478 3.14173899260061
0.0348000000002469 3.25055058001543
0.0352000000002463 3.33978795179956
0.0356000000002438 3.33970491271589
0.0360000000002423 3.31338012353039
0.0364000000002411 3.31526619522493
0.0368000000002399 3.42247148936438
0.0372000000002394 3.38317837425154
0.0376000000002376 3.4261227427175
0.0380000000002363 3.52775633841317
0.0384000000002349 3.43757374113095
0.0388000000002339 3.47478638159483
0.0392000000002323 3.60232035678443
0.0396000000002305 3.61645196505581
0.0400000000002299 3.52090410696795
0.0404000000002291 3.61068409696088
0.0408000000002278 3.56049303421137
0.0412000000002256 3.64619059708115
0.0416000000002246 3.63464370998717
0.0420000000002228 3.63727305610722
0.0424000000002218 3.73853352443857
0.0428000000002207 3.77891088799371
0.043200000000219 3.71645231501526
0.0436000000002184 3.77523358078896
0.0440000000002169 3.76409933713087
0.0444000000002158 3.8431606380511
0.0448000000002138 3.91188216070982
0.0452000000002132 3.80300697403782
0.0456000000002122 3.80574224743996
0.0460000000002104 3.9081884340051
0.0464000000002091 3.94087618606883
0.0468000000002071 3.97483535862975
0.047200000000207 4.01531897586449
0.047600000000205 3.96276062074417
0.0480000000002044 3.98434373487372
0.0484000000002021 4.00010383941472
0.0488000000002016 3.99872684664376
0.0492000000002 3.98974698871995
0.0496000000001987 4.02982025201499
0.050000000000197 4.00903025085966
0.0504000000001962 4.03130915207059
0.0508000000001958 4.03484856979513
0.0512000000001933 4.0808509902303
0.0516000000001928 4.18156559319844
0.0520000000001902 4.16782135045764
0.0524000000001894 4.0821506314236
0.0528000000001881 4.21773209002439
0.0532000000001873 4.17997597335978
0.0536000000001858 4.22098807480263
0.0540000000001845 4.27412749579371
0.0544000000001837 4.25055305455355
0.0548000000001819 4.27255807297612
0.0552000000001801 4.27106146501656
0.0556000000001791 4.32791186726386
0.056000000000178 4.32762468114505
0.0564000000001762 4.32654206837707
0.056800000000174 4.40318305794833
0.0572000000001722 4.38303603564878
0.0576000000001689 4.46662882731659
0.0580000000001671 4.50827425531362
0.0584000000001641 4.60786862868221
0.0588000000001604 4.49886645164923
0.0592000000001564 4.5214243778188
0.0596000000001529 4.60867403146349
0.0600000000001484 4.55447090238149
0.0604000000001427 4.56599464602473
0.0608000000001379 4.57176239171476
0.0612000000001322 4.63241869261002
0.061600000000126 4.61522858114217
0.0620000000001193 4.61188532500449
0.0624000000001124 4.60995381123051
0.0628000000001057 4.64071997573511
0.0632000000000992 4.60360556330314
0.0636000000000923 4.69328995598747
0.0640000000000846 4.7133935116878
0.0644000000000771 4.73366925756687
0.0648000000000702 4.79603197944845
0.0652000000000632 4.90047371037759
0.0656000000000553 4.82058524366795
0.0660000000000481 4.88006726455842
0.0664000000000412 4.95997362763554
0.0668000000000337 4.95713285982087
0.0672000000000258 4.92089734496628
0.0676000000000179 4.87324916739669
0.0680000000000102 4.97202761714348
0.0684000000000035 4.99396684520583
0.0687999999999963 4.91953756039905
0.0691999999999886 5.00182761630967
0.0695999999999807 4.97279897023156
0.0699999999999738 5.06628727896712
0.0703999999999668 5.11430268110649
0.0707999999999586 5.11096072978698
0.0711999999999517 5.1206104382122
0.0715999999999445 5.19261759259582
0.0719999999999366 5.15331586472865
0.0723999999999291 5.270295543368
0.0727999999999212 5.23605565727401
0.0731999999999135 5.20664704096021
0.0735999999999068 5.10218062284483
0.0739999999998999 5.15485038944315
0.0743999999998917 5.13144946772987
0.074799999999884 5.08670247680158
0.0751999999998768 5.1798294169805
0.0755999999998701 5.14270614442653
0.075999999999862 5.14372664774861
0.076399999999855 5.12570700702086
0.0767999999998478 5.1315212460203
0.0771999999998399 5.06942660580587
0.0775999999998325 4.91720938866112
0.0779999999998245 4.79871011162827
0.0783999999998168 4.76151656378173
0.0787999999998101 4.43505764764695
0.079199999999803 4.23365006186429
0.079599999999795 4.04529380358657
0.0799999999997873 3.6902523978086
0.0803999999997806 3.38097715901911
0.0807999999997734 2.91348899343062
0.0811999999997653 2.50757613352102
0.0815999999997581 2.15617091391981
0.0819999999997511 2.04108853141949
0.0823999999997432 1.86423474818388
0.082799999999736 1.76663312315741
0.0831999999997276 1.64250879257624
0.0835999999997202 1.73778134553809
0.0839999999997135 1.62245031591854
0.0843999999997068 1.67542905055764
0.0847999999996983 1.75030271668547
0.0851999999996904 1.85628322826116
0.0855999999996835 1.92401352827651
0.0859999999996765 2.00516037210227
0.0863999999996688 1.87555441159711
0.0867999999996611 1.88899484992983
0.0871999999996542 1.81932500706494
0.087599999999647 1.73130085869207
0.0879999999996391 1.63564921776413
0.0883999999996312 1.53119208925096
0.0887999999996232 1.70055141449381
0.089199999999617 1.66403948883185
0.0895999999996101 1.7869815591393
0.0899999999996017 1.84860404099524
0.0903999999995937 1.89780697524047
0.090799999999587 1.89842456724597
0.0911999999995798 2.11942535375474
0.0915999999995719 2.05960808971065
0.0919999999995647 2.08449860420555
0.0923999999995575 1.96312933421274
0.0927999999995503 1.98080200089545
0.0931999999995426 1.87137935896569
0.0935999999995345 1.83821335666104
0.093999999999527 1.74839261225735
0.0943999999995206 1.70023899676626
0.0947999999995131 1.80131575925374
0.095199999999505 1.86734610105874
0.0955999999994973 1.91698545187846
0.0959999999994903 1.91096530059318
0.0963999999994834 1.9603754809883
0.0967999999994752 2.08344556935094
0.097199999999468 2.16173330249548
0.0975999999994608 2.2099511418283
0.0979999999994536 2.13404957571642
0.098399999999446 2.0875589024714
0.0987999999994378 2.02456261030978
0.0991999999994304 1.95455537496801
0.0995999999994239 1.8699618671187
0.0999999999994167 1.82471680121192
0.100399999999408 1.79044313365577
0.100799999999401 1.84197268993209
0.101199999999394 1.96370092903701
0.101599999999386 1.93657517164028
0.101999999999378 1.97241525792944
0.102399999999371 2.02437143498451
0.102799999999364 2.00955337348804
0.103199999999357 2.00048471724418
0.103599999999349 1.99730444870868
0.103999999999341 1.92928584429793
0.104399999999333 1.84768836027813
0.104799999999327 1.77968880486656
0.10519999999932 1.76940518627251
0.105599999999312 1.643231527912
0.105999999999304 1.61750145553947
0.106399999999297 1.5813535409434
0.106799999999289 1.61906645293323
0.107199999999282 1.55305888303385
0.107599999999275 1.54117486316423
0.107999999999268 1.41182493378571
0.10839999999926 1.47497170479524
0.108799999999252 1.5049876014063
0.109199999999244 1.38162919170581
0.109599999999237 1.38012326909909
0.10999999999923 1.40131112449521
0.110399999999223 1.39729302257764
0.110799999999215 1.32952744815052
0.111199999999207 1.2806240582622
0.1115999999992 1.31874856388636
0.111999999999193 1.23404740799963
0.112399999999185 1.23894766823654
0.112799999999178 1.24740765216097
0.11319999999917 1.12817058357573
0.113599999999163 1.20180034864872
0.113999999999156 1.27794361943218
0.114399999999148 1.22457854760932
0.11479999999914 1.2982218088572
0.115199999999134 1.35180687105606
0.115599999999126 1.29226761512305
0.115999999999118 1.31200275814859
0.11639999999911 1.36656347923017
0.116799999999103 1.37149085207526
0.117199999999097 1.38212524035409
0.117599999999089 1.31093825575635
0.117999999999082 1.29403963855499
0.118399999999074 1.29791148354804
0.118799999999067 1.27411286650154
0.119199999999059 1.20982751700481
0.119599999999051 1.24409425612333
0.119999999999043 1.12556033977162
0.120399999999037 1.13036043840595
0.12079999999903 1.26166375068891
0.121199999999022 1.33097807753184
0.121599999999014 1.38276313966819
0.121999999999007 1.31489899103526
0.122399999999 1.26164309051584
0.122799999998992 1.42467409082104
0.123199999998984 1.41252781234552
0.123599999998977 1.3187218698896
0.12399999999897 1.34699295125532
0.124399999998962 1.33908950049349
0.124799999998954 1.33892980030239
0.125199999998946 1.44253919042211
0.12559999999894 1.38272900725089
0.125999999998933 1.44135354674661
0.126399999998925 1.4844224066468
0.126799999998917 1.47241308780488
0.12719999999891 1.53671410350974
0.127599999998903 1.49316376101543
0.127999999998895 1.60262962095456
0.128399999998888 1.59290145374947
0.12879999999888 1.45433629986131
0.129199999998873 1.42999251428959
0.129599999998866 1.45956692008905
0.129999999998858 1.47799129139858
0.13039999999885 1.42282193302971
0.130799999998844 1.446901645407
0.131199999998836 1.52374946420452
0.131599999998828 1.39797034839993
0.13199999999882 1.47804481942947
0.132399999998813 1.49056091838082
0.132799999998807 1.38902537471571
0.133199999998799 1.45824387555194
0.133599999998792 1.51819953783428
0.133999999998784 1.36096434402733
0.134399999998777 1.31617781985381
0.134799999998769 1.20000463407761
0.135199999998761 1.33539528645726
0.135599999998753 1.40404679862979
0.135999999998747 1.51276295780653
0.13639999999874 1.41647572488755
0.136799999998732 1.48459066461133
0.137199999998724 1.63230247540657
0.137599999998717 1.59229878938476
0.13799999999871 1.60668740988801
0.138399999998702 1.67847673512652
0.138799999998695 1.72782338096924
0.139199999998688 1.56827670922541
0.13959999999868 1.44032415123673
0.139999999998672 1.33133133020696
0.140399999998664 1.34440170418585
0.140799999998656 1.35989212950626
0.14119999999865 1.36259472341027
0.141599999998643 1.30251780430662
0.141999999998635 1.53893745355353
0.142399999998627 1.53042111343133
0.142799999998621 1.5838339752557
0.143199999998613 1.53884200201964
0.143599999998606 1.52724389280951
0.143999999998598 1.49200244160986
0.144399999998591 1.62916893643491
0.144799999998583 1.52136146615614
0.145199999998575 1.34466239514531
0.145599999998568 1.29100362334253
0.14599999999856 1.21431669254798
0.146399999998554 1.12727868133604
0.146799999998546 1.02982651340529
0.147199999998538 0.986174521531956
0.14759999999853 1.0202611309596
0.147999999998523 1.14057438601361
0.148399999998516 1.02872643986449
0.148799999998509 0.995822446126964
0.149199999998501 0.947336332807552
0.149599999998494 0.873401142540391
0.149999999998487 0.992611262807989
0.150399999998479 0.916143353737961
0.150799999998471 0.963741846486958
0.151199999998463 0.878576091877494
0.151599999998457 0.943034227115167
0.15199999999845 0.886042012118934
0.152399999998442 0.700651731675477
0.152799999998434 0.885265696325795
0.153199999998427 0.861922828637172
0.15359999999842 0.908548511500811
0.153999999998412 1.04625225547189
0.154399999998405 0.957773944205079
0.154799999998397 0.923174165998186
0.15519999999839 0.856007948758375
0.155599999998383 0.793078520483646
0.155999999998375 0.79679561412521
0.156399999998366 0.865693885377484
0.15679999999836 0.863713612133343
0.157199999998353 0.904213680461338
0.157599999998345 0.867026181444767
0.157999999998337 0.865526707081827
0.158399999998331 0.926175154894177
0.158799999998323 0.903636750067123
0.159199999998316 0.916357539921599
0.159599999998308 1.01738723792372
0.159999999998301 0.948044056348219
0.160399999998293 0.900838788478451
0.160799999998286 0.906425566389541
0.161199999998278 0.836981244630153
0.16159999999827 0.876256847586057
0.161999999998264 0.852517710490072
0.162399999998256 0.841872149396148
0.162799999998248 0.895330476093037
0.16319999999824 0.883418496148501
0.163599999998234 1.03258512709095
0.163999999998226 1.0379633042969
0.164399999998219 0.967497790604652
0.164799999998211 0.988104613694154
0.165199999998204 0.980291906317363
0.165599999998197 1.06758847902494
0.165999999998189 1.07869314661996
0.166399999998181 1.00590169784502
0.166799999998173 0.990634748842071
0.167199999998167 0.973539277513768
0.167599999998159 1.00981210164168
0.167999999998152 1.0510866249947
0.168399999998144 0.990111317850409
0.168799999998137 1.10027263198218
0.16919999999813 1.03870713878388
0.169599999998122 1.11410616440918
0.169999999998114 1.14949511705395
0.170399999998107 1.08553836316065
0.1707999999981 0.940359415178679
0.171199999998093 0.927526388895391
0.171599999998084 0.909676721450105
0.171999999998076 1.02603302494225
0.17239999999807 1.06269935290342
0.172799999998063 0.973577089284255
0.173199999998055 0.96704065215543
0.173599999998047 1.06101771252297
0.17399999999804 1.09952904108461
0.174399999998034 1.26021667596152
0.174799999998025 1.19795629447029
0.175199999998018 1.17032847025562
0.175599999998011 1.10324648400842
0.175999999998003 1.18618690528362
0.176399999997996 1.08603483148662
0.176799999997987 1.12959809599559
0.17719999999798 1.01453579186612
0.177599999997974 0.99577472443808
0.177999999997966 1.0773755388541
0.178399999997958 1.10301605552524
0.17879999999795 1.09594076822231
0.179199999997944 1.12611977258056
0.179599999997937 1.1810036382596
0.179999999997928 1.23974589445336
0.180399999997921 1.2680712355376
0.180799999997914 1.18867114632672
0.181199999997907 1.17767166131739
0.181599999997899 1.17404593789989
0.181999999997891 1.1636032591707
0.182399999997883 0.966161471308892
0.182799999997877 1.02060648346909
0.183199999997869 0.922708245393387
0.183599999997862 1.02130261806505
0.183999999997854 0.993999516264943
0.184399999997847 1.01220981858219
0.18479999999784 0.971342784876494
0.185199999997832 1.12961161932061
0.185599999997825 1.04066045357766
0.185999999997817 1.11608884276742
0.18639999999781 1.05333069857561
0.186799999997802 0.884496697278819
0.187199999997794 0.981837081437001
0.187599999997787 0.801363541746246
0.18799999999778 0.725498688913734
0.188399999997773 0.651076199119566
0.188799999997765 0.593218918309803
0.189199999997757 0.498070179785311
0.18959999999775 0.691949971004447
0.189999999997743 0.67103596204637
0.190399999997735 0.624356687870207
0.190799999997728 0.555500757867297
0.191199999997721 0.557880053786249
0.191599999997713 0.682909022600825
0.191999999997706 0.79944143300086
0.192399999997697 0.689625762607183
0.192799999997689 0.685285618862197
0.193199999997684 0.600331602521345
0.193599999997677 0.548195737121802
0.193999999997668 0.606076990373284
0.19439999999766 0.599978439505321
0.194799999997654 0.637911526850584
0.195199999997647 0.714595812711136
0.195599999997638 0.759710538622754
0.195999999997631 0.66877938399538
0.196399999997624 0.773364500248031
0.196799999997617 0.740758318429553
0.197199999997609 0.889384735214907
0.197599999997601 0.800856711999342
0.197999999997593 0.774071492837294
0.198399999997587 0.733439498693881
0.19879999999758 0.729799024834954
0.199199999997572 0.803108455550314
0.199599999997564 0.71560594526277
0.199999999997557 0.587448009404219
0.20039999999755 0.754888626180482
0.200799999997541 0.784223801634717
0.201199999997535 0.86714389301402
0.201599999997527 0.874626694782141
0.20199999999752 0.866757903217685
0.202399999997512 0.909577293417079
0.202799999997505 0.868615730116831
0.203199999997497 0.863767971923703
0.20359999999749 0.83978846785972
0.203999999997483 0.929463856042719
0.204399999997475 0.829813529497289
0.204799999997467 0.829297775557114
0.20519999999746 0.753226112130673
0.205599999997452 0.714451763897248
0.205999999997445 0.817889052311595
0.206399999997438 0.833015626806611
0.206799999997431 0.848575699989569
0.207199999997423 0.922025224466852
0.207599999997416 0.892752914654733
0.207999999997408 0.901284926762611
0.2083999999974 0.950249662802274
0.208799999997393 0.884455230459947
0.209199999997387 0.885964099408129
0.209599999997378 0.861543917721725
0.209999999997371 0.853852939829831
0.210399999997363 0.799909317495001
0.210799999997356 0.704055612918118
0.211199999997348 0.725074855859839
0.211599999997341 0.737295019828557
0.211999999997334 0.725606257646613
0.212399999997327 0.745159740231356
0.212799999997319 0.706065664505933
0.213199999997311 0.695003901609581
0.213599999997304 0.658048253455565
0.213999999997297 0.684231151265378
0.21439999999729 0.662306043991777
0.214799999997281 0.609914119600915
0.215199999997274 0.637510086871783
0.215599999997267 0.613921955911499
0.21599999999726 0.636093497486977
0.216399999997252 0.559963419483117
0.216799999997245 0.537119629902767
0.217199999997237 0.516779148217077
0.21759999999723 0.592993494015969
0.217999999997222 0.553054367333761
0.218399999997214 0.568831119844009
0.218799999997207 0.600503053725488
0.2191999999972 0.514233481180605
0.219599999997193 0.557786997055976
0.219999999997185 0.40219598534109
0.220399999997177 0.292045164231061
0.22079999999717 0.254911583133347
0.221199999997163 0.327806541260602
0.221599999997155 0.421562000022393
0.221999999997148 0.418714579057638
0.222399999997141 0.380100351269419
0.222799999997133 0.228943992367505
0.223199999997126 0.315211097734533
0.223599999997117 0.518421762797994
0.22399999999711 0.449247157878207
0.224399999997103 0.603602340542786
0.224799999997096 0.513794957354409
0.225199999997088 0.514052083754625
0.22559999999708 0.500348485992172
0.225999999997074 0.414720151820286
0.226399999997066 0.393375456949004
0.226799999997058 0.409143519105693
0.227199999997051 0.452419534520757
0.227599999997044 0.510493615380246
0.227999999997036 0.45239738081562
0.228399999997029 0.411496372095318
0.228799999997021 0.436221449707621
0.229199999997013 0.576231088587257
0.229599999997007 0.659399592777576
0.229999999997 0.594391396077418
0.230399999996991 0.609598295959729
0.230799999996983 0.60864751016767
0.231199999996976 0.583692104539577
0.23159999999697 0.497888274453075
0.231999999996961 0.532523765154414
0.232399999996955 0.462572894817884
0.232799999996947 0.492253105493775
0.23319999999694 0.51523162990387
0.233599999996932 0.525823940694664
0.233999999996924 0.602860804842937
0.234399999996917 0.613438178154307
0.234799999996911 0.639910108894671
0.235199999996904 0.557112385831344
0.235599999996895 0.607746152749993
0.235999999996887 0.665830988113878
0.23639999999688 0.764400736900717
0.236799999996873 0.686646334156848
0.237199999996865 0.557118930435821
0.237599999996858 0.534681632740123
0.237999999996851 0.496390148587539
0.238399999996843 0.5529423118131
0.238799999996836 0.562085019339412
0.239199999996828 0.554927734834775
0.23959999999682 0.661206520012055
0.239999999996813 0.644371658990858
0.240399999996806 0.685992827242129
0.240799999996798 0.663448228716252
0.24119999999679 0.689903498116402
0.241599999996783 0.690283149624305
0.241999999996776 0.733433534262123
0.242399999996768 0.777858368395304
0.242799999996761 0.607680847870876
0.243199999996754 0.580087618370602
0.243599999996746 0.477324753173217
0.243999999996739 0.451188678486791
0.244399999996731 0.472386071161924
0.244799999996723 0.503619464701665
0.245199999996717 0.519188125644116
0.24559999999671 0.524223900329958
0.245999999996701 0.468606669801324
0.246399999996694 0.404744786102509
0.246799999996686 0.443822986616975
0.247199999996679 0.39548896293215
0.247599999996671 0.402917553035975
0.247999999996665 0.485895852487149
0.248399999996657 0.367785022533137
0.24879999999665 0.338486626237886
0.249199999996642 0.40102853598809
0.249599999996634 0.220018793225779
0.249999999996626 0.351515695250678
0.25039999999662 0.3401836840531
0.250799999996613 0.352398524009022
0.251199999996605 0.375699534505542
0.251599999996597 0.378892289989909
0.25199999999659 0.275025417192913
0.252399999996583 0.140608701426928
0.252799999996575 0.281741934018274
0.253199999996568 0.263447605144561
0.25359999999656 0.263548036762483
0.253999999996553 0.203185447592771
0.254399999996545 0.140184288664105
0.254799999996537 0.198013977577975
0.25519999999653 0.241511448788223
0.255599999996524 0.212768346416427
0.255999999996516 0.330056123960058
0.256399999996508 0.405655481583216
0.2567999999965 0.44100604652228
0.257199999996494 0.402336207896196
0.257599999996487 0.274674894591471
0.257999999996478 0.272607792038449
0.258399999996471 0.267683295707917
0.258799999996464 0.266635918465219
0.259199999996456 0.298764107745332
0.259599999996449 0.193422710145798
0.259999999996441 0.188265342494152
0.260399999996433 0.174944791921481
0.260799999996427 0.148627308140787
0.261199999996419 0.230826623736528
0.261599999996411 0.374367423448466
0.261999999996404 0.359074469756801
0.262399999996397 0.395216296223414
0.26279999999639 0.377394172064194
0.263199999996381 0.305839556679724
0.263599999996375 0.271375841232978
0.263999999996367 0.35444410549142
0.26439999999636 0.258899892251636
0.264799999996352 0.183652187452457
0.265199999996344 0.140496072664239
0.265599999996336 0.253651331216099
0.26599999999633 0.18881899379555
0.266399999996323 0.241673028029592
0.266799999996315 0.209338618263359
0.267199999996307 0.216056045257833
0.2675999999963 0.350487621863842
0.267999999996293 0.372712751060716
0.268399999996285 0.393702253599813
0.268799999996278 0.313956997198949
0.26919999999627 0.215610569689467
0.269599999996263 0.292039703180698
0.269999999996256 0.246149195875036
0.270399999996248 0.178576530370909
0.27079999999624 0.250274282508135
0.271199999996233 0.199714278270971
0.271599999996226 0.181221305104264
0.271999999996218 0.146694792553138
0.27239999999621 0.23096174506769
0.272799999996204 0.276356901445884
0.273199999996196 0.338571997896876
0.273599999996188 0.35999936178872
0.273999999996181 0.343307272736709
0.274399999996174 0.384673709803026
0.274799999996166 0.286933329049331
0.275199999996159 0.307546986519667
0.275599999996151 0.234824722505975
0.275999999996143 0.250675620423642
0.276399999996137 0.289187878690885
0.27679999999613 0.267540110064875
0.277199999996121 0.0889460028793825
