# Fix print output for fix out1
5.05808608278371e-16 -0.12453242082108
0.000400000000000782 0.085541353031409
0.000800000000000425 0.335664974105897
0.00119999999999982 0.40409467690244
0.0016000000000011 0.389955818837141
0.00200000000000087 0.47501693186512
0.0024000000000014 0.573235276003397
0.00280000000000041 0.667806687378222
0.00320000000000107 0.646818340313782
0.00360000000000071 0.798781356955897
0.00399999999999985 0.720586841043042
0.00440000000000101 0.714757503146185
0.00480000000000078 0.814257888430095
0.00520000000000156 0.771471840473665
0.00560000000000057 0.771759530475367
0.0060000000000011 0.934341003645138
0.00640000000000087 0.991714805678379
0.00680000000000001 1.03731558142862
0.00720000000000092 1.12173895663175
0.00760000000000119 1.13402992481392
0.00800000000000147 1.17902614277588
0.00840000000000073 1.22590999371155
0.00880000000000126 1.22183682943659
0.00920000000000103 1.24081366706601
0.00960000000000029 1.35231968748032
0.0100000000000008 1.41653092980608
0.0104000000000014 1.3613335462196
0.0108000000000016 1.558499549905
0.0112000000000009 1.56414935132094
0.0116000000000012 1.56162202771999
0.0120000000000011 1.64025216858943
0.0124000000000007 1.68982480700613
0.0128000000000009 1.63280707672078
0.0132000000000019 1.73236197004807
0.0136000000000015 1.80473789049541
0.0140000000000007 1.79048568678715
0.0144000000000012 1.81533436100937
0.0148000000000014 1.8950003222527
0.0152000000000011 1.89946405129849
0.0156000000000008 2.02737125277283
0.0160000000000018 2.04170567411052
0.0164000000000017 2.12802258825311
0.016800000000001 2.13491986210948
0.0172000000000015 2.19370262733273
0.0176000000000019 2.1272274855436
0.0180000000000013 2.20193984297121
0.0184000000000008 2.28738280904455
0.0188000000000022 2.25737017351783
0.0192000000000015 2.3360619317276
0.0196000000000015 2.40042465110199
0.0200000000000015 2.52563272260493
0.0204000000000019 2.46534726244493
0.0208000000000013 2.50409795918931
0.0212000000000012 2.6044747445951
0.0216000000000024 2.60202173571136
0.0220000000000016 2.63093524543633
0.0224000000000019 2.63335372075444
0.0228000000000018 2.68123496948757
0.0232000000000018 2.74320275705713
0.0236000000000019 2.7621310170796
0.0240000000000011 2.73385073870373
0.0244000000000023 2.84288864470317
0.024800000000002 2.9472877943048
0.0252000000000021 2.91141991799609
0.0256000000000023 3.06364787569375
0.0260000000000019 3.00887002346688
0.026400000000002 2.98688402103452
0.026800000000001 3.06251122942056
0.0272000000000023 3.10999869341484
0.0276000000000027 3.09204820116835
0.0280000000000024 3.11148679890763
0.0284000000000023 3.22113699467326
0.028800000000002 3.17751061393776
0.0292000000000023 3.27546810694666
0.0296000000000013 3.34224871375093
0.0300000000000027 3.38506770907775
0.0304000000000026 3.4716304780272
0.0308000000000024 3.50965635098409
0.0312000000000028 3.37026886912107
0.0316000000000024 3.41615214456944
0.0320000000000022 3.5167750906608
0.0324000000000013 3.47871095053343
0.0328000000000025 3.46602503377565
0.0332000000000024 3.56863881521858
0.0336000000000027 3.62576742427945
0.0340000000000027 3.66992471623285
0.0344000000000027 3.69003878546915
0.0348000000000025 3.79059185750618
0.0352000000000015 3.81138158985668
0.0356000000000028 3.91664522967785
0.0360000000000027 3.79501998238012
0.0364000000000028 3.7978007812051
0.0368000000000027 3.89924665951554
0.037200000000003 3.91102184417342
0.0376000000000024 3.84623394367155
0.0380000000000015 3.9587894515378
0.0384000000000031 3.92868746166616
0.0388000000000026 4.02582638950593
0.0392000000000032 4.13871639363848
0.0396000000000028 4.14368635254576
0.040000000000003 4.17768556107781
0.0404000000000026 4.14125000355797
0.0408000000000021 4.2196066706333
0.0412000000000031 4.22342564160477
0.041600000000003 4.17872382037295
0.0420000000000035 4.18997564628138
0.0424000000000028 4.20992724045831
0.0428000000000029 4.27880941839894
0.0432000000000027 4.29549732777728
0.0436000000000024 4.37894543103735
0.0440000000000031 4.428224675384
0.044400000000003 4.40898947914806
0.0448000000000039 4.43881787847653
0.045200000000003 4.5201926349568
0.0456000000000031 4.5059143099684
0.0460000000000031 4.53623009484011
0.0464000000000023 4.50407229285082
0.0468000000000032 4.49410266236247
0.0472000000000028 4.61816913773991
0.047600000000004 4.58154396344231
0.0480000000000034 4.62859736158774
0.0484000000000034 4.6180132057411
0.048800000000003 4.70973412988407
0.0492000000000026 4.72762300004011
0.0496000000000033 4.7233844659645
0.0500000000000034 4.71490167980219
0.0504000000000039 4.66895598198414
0.0508000000000033 4.56703637715941
0.0512000000000034 4.60795310223078
0.0516000000000029 4.50986504199741
0.0520000000000027 4.49842939926906
0.0524000000000032 4.38307101562086
0.0528000000000039 4.33644229499116
0.0532000000000042 4.04460640581232
0.0536000000000033 3.90987063278268
0.0540000000000035 3.67020813422197
0.0544000000000032 3.4071127593821
0.0548000000000034 3.37125645480857
0.055200000000003 3.28421475420718
0.0556000000000044 3.17797336255093
0.0560000000000039 3.15898658105648
0.0564000000000035 3.09191162989296
0.0568000000000037 2.95289480497067
0.0572000000000038 2.7888123498599
0.0576000000000037 2.68538823080376
0.0580000000000033 2.62232799648861
0.0584000000000043 2.46618338553631
0.0588000000000037 2.51177019114623
0.0592000000000036 2.26795427368064
0.059600000000004 2.17999106051594
0.0600000000000043 2.015171696695
0.0604000000000036 1.9506407016511
0.0608000000000035 1.74120151074794
0.0612000000000045 1.75541661571606
0.0616000000000043 1.68623463170715
0.0620000000000042 1.62252770772847
0.0624000000000041 1.65960564546631
0.0628000000000043 1.62135936280357
0.0632000000000036 1.63642229236566
0.0636000000000038 1.77616276797261
0.0640000000000045 1.66124981428446
0.0644000000000044 1.52655051181641
0.0648000000000045 1.43337546789959
0.0652000000000046 1.46600794508389
0.0656000000000041 1.25615534650644
0.0660000000000044 1.28208305636591
0.0664000000000037 1.34392773702225
0.0668000000000047 1.37186905603026
0.0672000000000046 1.35774931470992
0.0676000000000045 1.36289721503691
0.0680000000000049 1.29783511479649
0.0684000000000044 1.35779971261133
0.0688000000000043 1.32531812172789
0.0692000000000037 1.21348118900825
0.069600000000005 1.19511813005379
0.0700000000000048 1.17238046432277
0.0704000000000048 1.24315493138762
0.0708000000000051 1.22857802166237
0.0712000000000043 1.19517043011975
0.0716000000000046 1.18054690713848
0.0720000000000041 1.32375930449329
0.0724000000000051 1.3515321710093
0.0728000000000047 1.30522173686865
0.0732000000000047 1.29316173661175
0.0736000000000055 1.37720505142446
0.0740000000000047 1.22332018252054
0.0744000000000045 1.09037384254311
0.074800000000004 1.19291390860999
0.075200000000005 1.07540774003524
0.0756000000000046 1.08075780535447
0.0760000000000048 1.0312060305054
0.0764000000000051 0.984193835622886
0.0768000000000051 0.97884801004967
0.0772000000000047 0.885477201914838
0.0776000000000039 1.06493074894057
0.0780000000000052 1.04720180795002
0.0784000000000047 1.23280166495783
0.0788000000000055 1.15340952443751
0.079200000000005 1.07783953105363
0.0796000000000053 0.921674056813188
0.0800000000000048 0.922071256849899
0.0804000000000046 0.829758277547781
0.0808000000000056 0.742950938114289
0.0812000000000049 0.856094448127972
0.0816000000000057 0.852977288912938
0.0820000000000052 0.775743802761732
0.0824000000000055 0.77820547899993
0.0828000000000052 0.618172271292523
0.0832000000000047 0.642638136419151
0.0836000000000055 0.636257656135202
0.0840000000000053 0.73899778623421
0.0844000000000058 0.718687580715346
0.0848000000000051 0.748738721068582
0.0852000000000054 0.703243931791081
0.0856000000000056 0.68712454612823
0.0860000000000049 0.616987178875406
0.0864000000000059 0.572507426355106
0.0868000000000052 0.563406229293028
0.0872000000000062 0.662438780065959
0.0876000000000052 0.814287641240302
0.0880000000000053 0.789703702258566
0.0884000000000055 0.783988659894063
0.0888000000000048 0.686006053592444
0.0892000000000058 0.708367266069453
0.0896000000000056 0.711204769197175
0.0900000000000061 0.820766991739455
0.0904000000000054 0.805159614365401
0.0908000000000057 0.817752371637431
0.0912000000000055 0.741132337012449
0.0916000000000052 0.633757336568469
0.0920000000000058 0.747186724321991
0.0924000000000058 0.762681516833479
0.092800000000006 0.718351553960705
0.0932000000000056 0.845754746399165
0.0936000000000056 0.768659271645647
0.0940000000000056 0.825568241441949
0.0944000000000056 0.781762454138685
0.0948000000000057 0.788743373350132
0.0952000000000067 0.91229300968455
0.0956000000000062 0.789797731301774
0.0960000000000057 0.780122671914111
0.0964000000000057 0.618497736372327
0.0968000000000063 0.668781987980094
0.0972000000000058 0.776227022766819
0.0976000000000056 0.760460482136304
0.0980000000000066 0.900919125506703
0.0984000000000061 0.866696430287201
0.0988000000000059 0.934727614499494
0.0992000000000059 0.933050565192474
0.0996000000000064 0.788627767241107
0.100000000000006 0.884449928069561
0.100400000000006 0.800032871748206
0.100800000000007 0.726403738244627
0.101200000000006 0.733290525176597
0.101600000000006 0.764726011251758
0.102000000000006 0.693439771704668
0.102400000000007 0.764934340137597
0.102800000000006 0.798634168655192
0.103200000000006 0.954238339411749
0.103600000000007 1.02296033882013
0.104000000000006 1.00592526802793
0.104400000000006 0.933205797158221
0.104800000000006 0.865836069958122
0.105200000000007 0.755728043323204
0.105600000000007 0.651534705986723
0.106000000000006 0.668445801209874
0.106400000000007 0.703195175265088
0.106800000000007 0.682810326878313
0.107200000000007 0.644075258611606
0.107600000000007 0.722842666459984
0.108000000000006 0.750215312971286
0.108400000000007 0.742204146763465
0.108800000000006 0.77416381146436
0.109200000000007 0.724449000985449
0.109600000000007 0.852666043931052
0.110000000000007 0.702765758509651
0.110400000000007 0.713148204111381
0.110800000000007 0.730816204461112
0.111200000000007 0.740993072026561
0.111600000000006 0.761149590690707
0.112000000000007 0.829192653256431
0.112400000000007 0.606130476506202
0.112800000000007 0.717714119884044
0.113200000000008 0.760560437846317
0.113600000000007 0.726650157885732
0.114000000000007 0.859680720665503
0.114400000000006 0.859326660838897
0.114800000000008 0.79815534538936
0.115200000000007 0.663988019858599
0.115600000000007 0.664014045046264
0.116000000000008 0.703085457526196
0.116400000000007 0.6613378275039
0.116800000000007 0.62656013476595
0.117200000000006 0.681008102317266
0.117600000000007 0.636962100923914
0.118000000000007 0.554108721501406
0.118400000000008 0.496862430212031
0.118800000000008 0.503665113350469
0.119200000000008 0.599851693105043
0.119600000000007 0.590916528022403
0.120000000000006 0.717018551755436
0.120400000000008 0.622113284325981
0.120800000000007 0.546173759373557
0.121200000000008 0.577444937726339
0.121600000000008 0.391301347298956
0.122000000000007 0.427654278186246
0.122400000000007 0.355328732801782
0.122800000000007 0.347345280644023
0.123200000000008 0.321431383336141
0.123600000000007 0.365508595245776
0.124000000000008 0.393555994980565
0.124400000000008 0.350193174667773
0.124800000000008 0.488115799267024
0.125200000000008 0.436781926106297
0.125600000000007 0.301604729774782
0.126000000000007 0.410246271932495
0.126400000000007 0.221647295908207
0.126800000000009 0.261254207798272
0.127200000000008 0.308786272649886
0.127600000000007 0.23048365030496
0.128000000000008 0.370091984505461
0.128400000000007 0.310865252526134
0.128800000000008 0.456928154546586
0.129200000000008 0.415647084140781
0.129600000000009 0.38393181977597
0.130000000000008 0.423350902701328
0.130400000000008 0.398987009674168
0.130800000000007 0.334579487023464
0.131200000000008 0.316637504036436
0.131600000000008 0.234878478684404
0.132000000000008 0.383490318643548
0.132400000000009 0.361388938190822
0.132800000000008 0.364238799861173
0.133200000000008 0.364615988200645
0.133600000000008 0.465159602779398
0.134000000000008 0.443330322750501
0.134400000000008 0.562096562281155
0.134800000000008 0.500141453247196
0.135200000000008 0.37319600601061
0.135600000000008 0.408152624744492
0.136000000000008 0.350251257962109
0.136400000000008 0.290932721605779
0.136800000000008 0.347287024624526
0.137200000000008 0.371511584650828
0.137600000000009 0.247940259408895
0.138000000000009 0.342984291974354
0.138400000000008 0.344701999297002
0.138800000000008 0.445282214943314
0.139200000000009 0.475176473755925
0.139600000000008 0.423163778642626
0.140000000000008 0.516694217214011
0.140400000000009 0.418163549388101
0.140800000000008 0.333344583395172
0.141200000000009 0.368642902416351
0.141600000000008 0.350781640572552
0.142000000000009 0.336670790606241
0.142400000000008 0.358592873953623
0.142800000000008 0.465301608155108
0.143200000000009 0.491364498961855
0.143600000000009 0.554032401063825
0.144000000000009 0.452627612741603
0.144400000000009 0.564231383104761
0.144800000000009 0.389381768516998
0.145200000000008 0.404587196026331
0.145600000000008 0.316941274537805
0.146000000000009 0.407280606032608
0.146400000000009 0.429953880517136
0.146800000000009 0.323116373690447
0.147200000000009 0.480277513419008
0.147600000000009 0.460670591490705
0.148000000000009 0.621989310973002
0.148400000000008 0.537494200879794
0.148800000000009 0.487213847365551
0.149200000000009 0.510301646321977
0.149600000000009 0.384102696019616
0.150000000000009 0.374093867365628
0.150400000000009 0.382891052464159
0.150800000000009 0.315105559222293
0.151200000000008 0.420411513567467
0.151600000000009 0.343022619872943
0.152000000000009 0.448683229834701
0.152400000000009 0.467017302167379
0.15280000000001 0.427659514195484
0.153200000000009 0.499132301422079
0.153600000000009 0.424975383429434
0.154000000000008 0.406718957175396
0.154400000000009 0.26440056757974
0.154800000000009 0.148474249301119
0.155200000000009 0.263055700025434
0.15560000000001 0.20634274800042
0.15600000000001 0.154141626346917
0.156400000000009 0.193697980866398
0.156800000000009 0.316937335803188
0.15720000000001 0.395142232618144
0.157600000000009 0.506783132832687
0.15800000000001 0.475799691002702
0.15840000000001 0.327521737534554
0.15880000000001 0.257658405966103
0.159200000000009 0.196443956851756
0.159600000000008 0.0650740891344216
