# Fix print output for fix out1
-7.52008242141839e-16 -0.0627862670685926
0.00039999999999704 0.13509538902155
0.00079999999999433 0.315082365181082
0.00119999999999162 0.422133547029688
0.00159999999998954 0.419231850539528
0.00199999999998595 0.390331687230471
0.00239999999998374 0.465013972361593
0.00279999999998166 0.488404670370368
0.00319999999997832 0.514496482756632
0.00359999999997636 0.579886427081088
0.00399999999997353 0.659479164533839
0.00439999999997145 0.704587688072214
0.00479999999996836 0.739833488394149
0.00519999999996565 0.770312338437772
0.00559999999996432 0.79052635228244
0.00599999999996048 0.814320183248142
0.00639999999995815 0.848421905135512
0.00679999999995607 0.867117748122892
0.00719999999995336 0.89163019951637
0.00759999999994977 0.943504705456533
0.00799999999994756 1.00835260955553
0.00839999999994548 1.05080787058719
0.00879999999994239 1.08504588756424
0.00919999999993981 1.17002781294228
0.00959999999993798 1.18917965163354
0.00999999999993451 1.19634965127424
0.0103999999999322 1.2391939817053
0.0107999999999292 1.26943774369317
0.0111999999999278 1.29163514245873
0.0115999999999249 1.31192065846603
0.0119999999999207 1.34340489208273
0.0123999999999199 1.34869384685339
0.0127999999999165 1.41413510071575
0.0131999999999141 1.4776448423548
0.0135999999999124 1.50328610851874
0.0139999999999085 1.53166059586323
0.0143999999999067 1.60545513908292
0.014799999999904 1.59983415712314
0.0151999999999015 1.64074110917272
0.0155999999998987 1.68208107919993
0.0159999999998956 1.67700984376755
0.0163999999998939 1.72017913574017
0.0167999999998905 1.74350241604695
0.0171999999998882 1.77017771009013
0.017599999999886 1.81877516567157
0.0179999999998833 1.87769401179287
0.0183999999998804 1.89616256505106
0.0187999999998777 1.95592769503219
0.019199999999876 1.97502166856144
0.0195999999998727 2.03796155731169
0.0199999999998699 2.06535424332925
0.0203999999998686 2.07955561473279
0.020799999999865 2.09339968229183
0.0211999999998627 2.1015179437982
0.0215999999998601 2.15211482753227
0.0219999999998576 2.13325304095705
0.0223999999998547 2.17614887679347
0.0227999999998522 2.2492635047837
0.0231999999998499 2.27229879293901
0.023599999999847 2.27769844251706
0.0239999999998446 2.33079907666151
0.0243999999998416 2.39894988272889
0.0247999999998386 2.37617627750314
0.0251999999998364 2.45621406978868
0.0255999999998337 2.44666696294765
0.025999999999832 2.45978725682577
0.0263999999998289 2.49939721445596
0.0267999999998256 2.5154777018685
0.0271999999998249 2.55575187724611
0.0275999999998211 2.59993034823041
0.027999999999818 2.6271021729352
0.0283999999998166 2.6743892737264
0.0287999999998136 2.72202262824614
0.0291999999998108 2.75976569053921
0.0295999999998081 2.75699932393721
0.029999999999806 2.8308885199553
0.0303999999998032 2.82146534198497
0.0307999999998003 2.83856501078908
0.0311999999997979 2.81083625413918
0.0315999999997951 2.87636541812374
0.0319999999997924 2.90063902944117
0.0323999999997905 2.91422011142397
0.032799999999788 2.93172314359877
0.0331999999997852 2.99141288222831
0.0335999999997814 3.02612509908537
0.0339999999997808 3.08099072314963
0.0343999999997772 3.11093240140106
0.0347999999997739 3.12504275530733
0.035199999999773 3.18264509196
0.0355999999997695 3.18606286239743
0.0359999999997669 3.20990051896144
0.0363999999997646 3.22360141272727
0.0367999999997624 3.23954728982753
0.037199999999759 3.26673655522553
0.0375999999997562 3.30172814381803
0.0379999999997545 3.31725262629842
0.038399999999751 3.33198392107619
0.0387999999997487 3.40900988870997
0.0391999999997462 3.42645035414201
0.0395999999997435 3.45568792498349
0.0399999999997412 3.45656657851074
0.0403999999997381 3.49540909552479
0.0407999999997368 3.55767014769574
0.0411999999997333 3.55635267646497
0.0415999999997297 3.57238951650228
0.0419999999997291 3.56993453698326
0.0423999999997258 3.63191452493523
0.0427999999997227 3.64615114499179
0.0431999999997208 3.67557419416456
0.0435999999997183 3.66128784721497
0.043999999999715 3.77544858317358
0.0443999999997123 3.75631520994696
0.0447999999997104 3.77421594885268
0.045199999999707 3.82890782164092
0.0455999999997049 3.79489682271776
0.0459999999997025 3.84275244079482
0.0463999999996995 3.85439253385287
0.0467999999996969 3.84372447759171
0.0471999999996938 3.90678232827552
0.047599999999693 3.90431089027638
0.0479999999996895 3.93118851275688
0.0483999999996858 3.9732932158994
0.0487999999996853 3.95068113728909
0.0491999999996817 4.0032693598918
0.0495999999996784 4.07207353972475
0.0499999999996771 4.07608655332997
0.0503999999996739 4.09550727480168
0.0507999999996714 4.09941271466417
0.0511999999996686 4.15451997709686
0.0515999999996666 4.14459070140838
0.0519999999996635 4.15134196482135
0.0523999999996608 4.18307634423342
0.0527999999996589 4.17513853597491
0.0531999999996554 4.18190287451527
0.0535999999996529 4.22367775622543
0.0539999999996502 4.24820917962888
0.0543999999996489 4.26218844522089
0.0547999999996454 4.24947570067647
0.0551999999996421 4.29758668025516
0.0555999999996414 4.28950162131461
0.0559999999996376 4.29501919929864
0.0563999999996349 4.30158563152905
0.0567999999996335 4.34185926589641
0.0571999999996294 4.27274205578979
0.0575999999996274 4.2983002816228
0.057999999999625 4.32625558860653
0.0583999999996226 4.3195048129995
0.0587999999996197 4.38957639075417
0.0591999999996164 4.4252898952966
0.0595999999996147 4.40909707319646
0.0599999999996116 4.44955731920399
0.0603999999996093 4.46349517744607
0.0607999999996066 4.45364681350107
0.0611999999996041 4.44657056291416
0.0615999999996018 4.47032182255008
0.0619999999995983 4.4648081926522
0.0623999999995977 4.4220961966953
0.0627999999995939 4.44300906935532
0.0631999999995904 4.4437061273064
0.0635999999995895 4.43751281491816
0.0639999999995862 4.4005356273897
0.0643999999995834 4.39058960569566
0.0647999999995816 4.38058102725353
0.0651999999995785 4.36177356459737
0.0655999999995752 4.42467145021048
0.0659999999995731 4.35135868386355
0.0663999999995707 4.30393528430713
0.0667999999995677 4.21813780277766
0.0671999999995651 4.15137515119415
0.0675999999995635 4.01847467510958
0.0679999999995604 3.88441159345103
0.0683999999995576 3.78115557584585
0.0687999999995545 3.62977350493574
0.0691999999995532 3.55399607619434
0.0695999999995501 3.43940731237553
0.069999999999546 3.31263525123543
0.0703999999995462 3.21350522286787
0.0707999999995426 3.12154806178578
0.0711999999995385 3.07710665743248
0.0715999999995379 2.89726907805037
0.0719999999995343 2.80107688110297
0.0723999999995317 2.71004537166815
0.0727999999995294 2.66203228017807
0.0731999999995271 2.54354078102187
0.0735999999995237 2.4722163210566
0.0739999999995214 2.40351488537781
0.0743999999995188 2.36462960641034
0.074799999999516 2.28570065778259
0.0751999999995136 2.2175848859297
0.0755999999995108 2.14188249385341
0.075999999999509 2.10262374094934
0.0763999999995061 2.10652600537698
0.0767999999995026 2.06900151507102
0.0771999999995015 2.08042130498923
0.0775999999994979 1.99241374647026
0.077999999999495 2.03393282546347
0.0783999999994942 2.10005588038184
0.0787999999994904 2.04701294593718
0.0791999999994875 1.9889540963388
0.0795999999994855 2.0152437269819
0.0799999999994831 2.02184037323115
0.08039999999948 2.07113227088838
0.0807999999994775 2.06925217002767
0.0811999999994756 2.09194850717758
0.0815999999994715 2.07280615110451
0.0819999999994695 2.05466688520309
0.0823999999994674 2.02338436640023
0.0827999999994643 2.0106393334302
0.0831999999994617 2.02017234981331
0.0835999999994591 1.99013384943089
0.0839999999994575 1.99495117958691
0.0843999999994545 2.01841985900307
0.0847999999994509 2.00678583517223
0.08519999999945 1.94138380340969
0.0855999999994465 1.9700451242934
0.0859999999994436 1.96300911329818
0.086399999999442 1.91591486771304
0.0867999999994392 1.99492000973403
0.0871999999994354 2.02628881642
0.0875999999994335 2.01099813073093
0.0879999999994312 1.94536797022672
0.0883999999994279 1.90931686688549
0.088799999999426 1.86373290548767
0.0891999999994242 1.84135469561957
0.0895999999994201 1.81822850317355
0.089999999999418 1.85407067148664
0.0903999999994152 1.85001665492434
0.0907999999994136 1.89020003265294
0.0911999999994105 1.85227970850085
0.0915999999994064 1.80764541625264
0.0919999999994063 1.84902412613317
0.0923999999994023 1.81302904289284
0.0927999999993999 1.80253881951371
0.0931999999993978 1.78435742790474
0.0935999999993948 1.79289001342561
0.0939999999993922 1.79584485496445
0.0943999999993898 1.75557958188307
0.0947999999993873 1.71143287560013
0.0951999999993844 1.72877687294521
0.0955999999993816 1.66910840247614
0.0959999999993798 1.72470777355293
0.0963999999993762 1.68594431807686
0.0967999999993741 1.73519848323888
0.0971999999993717 1.68773980865018
0.0975999999993694 1.67137072923262
0.0979999999993663 1.66849944654291
0.0983999999993632 1.65236048410461
0.0987999999993622 1.62840632097859
0.0991999999993586 1.66429521910468
0.0995999999993555 1.67361220610236
0.0999999999993549 1.67225544029617
0.100399999999351 1.67062775452927
0.100799999999348 1.61851482777995
0.101199999999346 1.57000845986008
0.101599999999344 1.51170039414976
0.10199999999934 1.45320787693854
0.102399999999337 1.47264645436787
0.102799999999336 1.44160248693422
0.103199999999332 1.41392255325876
0.10359999999933 1.41007775832757
0.103999999999328 1.3906854824956
0.104399999999325 1.35013523408694
0.104799999999322 1.35842044442914
0.105199999999319 1.38368358888933
0.105599999999318 1.38710396819334
0.105999999999315 1.34064443265094
0.106399999999311 1.35512199638818
0.106799999999311 1.36520690120164
0.107199999999307 1.30513492892698
0.107599999999304 1.30523520372499
0.107999999999303 1.31970654307261
0.1083999999993 1.250745083638
0.108799999999296 1.33951422048361
0.109199999999294 1.34852318371938
0.109599999999292 1.35983978518212
0.109999999999289 1.35184325072219
0.110399999999286 1.36388730262896
0.110799999999284 1.37070152582585
0.111199999999281 1.2919048791088
0.111599999999278 1.30795532987774
0.111999999999275 1.31778882466279
0.112399999999274 1.27364161483026
0.112799999999271 1.31165932981645
0.113199999999267 1.29395122682359
0.113599999999267 1.25321183045463
0.113999999999263 1.30628985340702
0.11439999999926 1.23881105263837
0.114799999999259 1.26705722421576
0.115199999999255 1.23753455124408
0.115599999999253 1.31312167480514
0.115999999999251 1.26705438938633
0.116399999999248 1.22564197595454
0.116799999999245 1.1723084406574
0.117199999999242 1.16275491532968
0.11759999999924 1.15136612136911
0.117999999999237 1.19619253120898
0.118399999999235 1.17335986690901
0.118799999999231 1.20251620587112
0.11919999999923 1.27418354194384
0.119599999999227 1.21784150678834
0.119999999999224 1.22417139399887
0.120399999999223 1.24915866530268
0.120799999999219 1.21677643795455
0.121199999999215 1.21899102478388
0.121599999999215 1.21545584142508
0.121999999999211 1.15462340686542
0.122399999999208 1.14239334799393
0.122799999999207 1.09638513614031
0.123199999999204 1.12197498714625
0.123599999999201 1.11812402974854
0.123999999999198 1.14628943889314
0.124399999999196 1.19176570208506
0.124799999999193 1.23413454871962
0.125199999999191 1.23821013614935
0.125599999999188 1.24055842615171
0.125999999999185 1.22543416952013
0.126399999999183 1.25312507934432
0.12679999999918 1.18404386172883
0.127199999999179 1.22338952607178
0.127599999999175 1.22871113568432
0.127999999999171 1.2003889839168
0.128399999999171 1.17967880297163
0.128799999999168 1.19861641321811
0.129199999999164 1.20629708216514
0.129599999999163 1.20313106831273
0.12999999999916 1.21571618158758
0.130399999999157 1.22531129365858
0.130799999999154 1.22943567182325
0.131199999999152 1.24763312713927
0.131599999999149 1.23536439221176
0.131999999999147 1.18349854252293
0.132399999999144 1.16127690277553
0.132799999999141 1.19716514431063
0.133199999999139 1.15387428861768
0.133599999999135 1.1318896522661
0.133999999999135 1.13550904266482
0.134399999999131 1.13401395167044
0.134799999999127 1.14328321653639
0.135199999999127 1.16889946610983
0.135599999999124 1.11054715028989
0.13599999999912 1.09349901073204
0.136399999999119 1.04621018510758
0.136799999999116 1.04497167107015
0.137199999999113 0.964843348618557
0.137599999999111 0.964589611159941
0.137999999999108 0.953179370158913
0.138399999999105 0.924152107782113
0.138799999999102 0.952554682761984
0.1391999999991 0.930101200475721
0.139599999999097 0.958036753022332
0.139999999999095 0.97459434927673
0.140399999999092 1.01072793013251
0.140799999999089 0.952054895672248
0.141199999999087 0.965646280608145
0.141599999999084 0.957959255827063
0.141999999999083 0.958068002492715
0.14239999999908 0.966251748640786
0.142799999999076 0.942333683542549
0.143199999999075 0.940742632867898
0.143599999999072 0.942938412095851
0.143999999999069 0.935201712477591
0.144399999999067 0.969729869359109
0.144799999999064 0.962927144970789
0.145199999999061 0.918479829277292
0.145599999999059 0.96100264788688
0.145999999999057 0.947089763878052
0.146399999999053 0.912958175906887
0.146799999999051 0.955279101638779
0.147199999999049 0.930781244474816
0.147599999999045 0.906774533233802
0.147999999999043 0.945563441291225
0.14839999999904 0.890766282513589
0.148799999999039 0.878347620231306
0.149199999999036 0.894493335593952
0.149599999999032 0.906458656052806
0.149999999999032 0.923555998253921
0.150399999999028 0.923699454647053
0.150799999999024 0.910553010454282
0.151199999999024 0.910284717685054
0.15159999999902 0.867713656907196
0.151999999999017 0.891339083923032
0.152399999999015 0.90458804853393
0.152799999999013 0.851079605653187
0.15319999999901 0.888176107057089
0.153599999999007 0.857649428039452
0.153999999999005 0.83853888821603
0.154399999999002 0.869148035261677
0.154799999998999 0.847392108499486
0.155199999998996 0.847337776191667
0.155599999998995 0.814448149192349
0.155999999998992 0.817846808015373
0.156399999998988 0.790776424920178
0.156799999998987 0.760979346428749
0.157199999998983 0.782670865735804
0.157599999998981 0.819684252309876
0.15799999999898 0.730338582019975
0.158399999998976 0.729472364821048
0.158799999998973 0.79353630055678
0.159199999998971 0.755336047766793
0.159599999998969 0.758837954944749
0.159999999998966 0.73834475389668
0.160399999998963 0.714661455277276
0.160799999998961 0.727537511009723
0.161199999998958 0.732446785424361
0.161599999998956 0.700266819948101
0.161999999998953 0.702097982355222
0.16239999999895 0.759560540754264
0.162799999998948 0.705221829934147
0.163199999998944 0.710798347615953
0.163599999998943 0.664986880157153
0.16399999999894 0.679894542170775
0.164399999998936 0.662601580773148
0.164799999998936 0.706803276351386
0.165199999998932 0.678766791195929
0.165599999998929 0.700229173320807
0.165999999998928 0.755875897215737
0.166399999998925 0.698969296165634
0.166799999998921 0.64184814207832
0.167199999998919 0.687666654156955
0.167599999998917 0.592148563485425
0.167999999998914 0.675422530561424
0.168399999998912 0.623584115384023
0.168799999998909 0.613447666515619
0.169199999998906 0.633662258905683
0.169599999998904 0.625420886666535
0.169999999998901 0.606147600916507
0.170399999998899 0.595973467414392
0.170799999998896 0.565322788116323
0.171199999998893 0.637844447963357
0.171599999998892 0.660608085487294
0.171999999998888 0.684357453004455
0.172399999998885 0.667936073359711
0.172799999998884 0.674539533512444
0.17319999999888 0.66210535199421
0.173599999998878 0.638135464509859
0.173999999998876 0.610266562356313
0.174399999998873 0.573061237248837
0.17479999999887 0.63547118734259
0.175199999998867 0.663893145628078
0.175599999998865 0.683063432144903
0.175999999998862 0.662516511214032
0.17639999999886 0.619113413703295
0.176799999998857 0.586263568555608
0.177199999998855 0.593140832765006
0.177599999998852 0.585125628625871
0.177999999998849 0.569521086283058
0.178399999998848 0.608795526198709
0.178799999998844 0.615162441965729
0.179199999998841 0.557961795552997
0.17959999999884 0.56953759309311
0.179999999998837 0.500140902196891
0.180399999998834 0.436888091243296
0.180799999998832 0.421340705507476
0.181199999998829 0.448790626293397
0.181599999998826 0.48006983467546
0.181999999998823 0.517199390393935
0.182399999998821 0.473878514522457
0.182799999998818 0.483395355456321
0.183199999998816 0.435247228796526
0.183599999998813 0.397210903922447
0.18399999999881 0.423828135042687
0.184399999998808 0.432075329439771
0.184799999998805 0.450917534060786
0.185199999998804 0.470640697845314
0.1855999999988 0.423304779873939
0.185999999998797 0.412616757739257
0.186399999998797 0.378817758444953
0.186799999998793 0.347450986829382
0.187199999998789 0.414183605739604
0.187599999998788 0.48854802684137
0.187999999998785 0.494773368386367
0.188399999998782 0.512792018771438
0.18879999999878 0.503514129347132
0.189199999998777 0.487862033475972
0.189599999998775 0.481364333649888
0.189999999998772 0.440834191396893
0.190399999998769 0.421242623456262
0.190799999998767 0.433999231950689
0.191199999998764 0.437714555985272
0.191599999998761 0.453182834166
0.19199999999876 0.439469319444021
0.192399999998757 0.439384184177256
0.192799999998753 0.443747309753522
0.193199999998752 0.478933378777459
0.193599999998749 0.496707582885755
0.193999999998745 0.459490377306897
0.194399999998745 0.481866977826451
0.194799999998741 0.483392312153525
0.195199999998738 0.469214762409072
0.195599999998736 0.428330443023769
0.195999999998733 0.449668338711643
0.196399999998731 0.437851846073758
0.196799999998728 0.406404982547718
0.197199999998725 0.41036593138322
0.197599999998723 0.377412438092401
0.19799999999872 0.457062943784548
0.198399999998717 0.436461695997835
0.198799999998716 0.420667249451123
0.199199999998712 0.437188064994381
0.19959999999871 0.437875886276564
0.199999999998708 0.403277289019935
0.200399999998705 0.436483796260322
0.200799999998701 0.382356988863962
0.201199999998701 0.376276493782019
0.201599999998697 0.376798961712027
0.201999999998694 0.375745601468676
0.202399999998693 0.386094789782455
0.202799999998689 0.359521018374703
0.203199999998686 0.389002201548162
0.203599999998684 0.418115859920499
0.203999999998682 0.394689086281096
0.204399999998679 0.386060661331337
0.204799999998676 0.425842340245328
0.205199999998674 0.394161121610667
0.205599999998671 0.389198868593738
0.205999999998669 0.390534985996439
0.206399999998665 0.393992329209064
0.206799999998665 0.408179864423754
0.207199999998661 0.390320657276072
0.207599999998657 0.40553490383173
0.207999999998657 0.381107533720912
0.208399999998653 0.378020295049875
0.20879999999865 0.33205401656765
0.209199999998649 0.412863314691438
0.209599999998645 0.347264270933276
0.209999999998642 0.355381498272393
0.21039999999864 0.386730122212743
0.210799999998638 0.375357485876527
0.211199999998635 0.386907913690943
0.211599999998632 0.441687614953286
0.21199999999863 0.385308570520969
0.212399999998627 0.421791202208993
0.212799999998625 0.396072162531452
0.213199999998621 0.335411928906126
0.21359999999862 0.368994236662056
0.213999999998617 0.356783417773491
0.214399999998613 0.360059125972562
0.214799999998613 0.393024460642576
0.21519999999861 0.342423614476316
0.215599999998606 0.376286487282242
0.215999999998605 0.376863647181817
0.216399999998601 0.349191134937559
0.216799999998598 0.324367476165584
0.217199999998596 0.363135685516638
0.217599999998595 0.309753554524937
0.217999999998591 0.413662191275609
0.218399999998588 0.368662725557854
0.218799999998586 0.355024945761369
0.219199999998583 0.394171266422649
0.219599999998581 0.354372708498243
0.219999999998578 0.378026521245565
0.220399999998576 0.371476043542849
0.220799999998573 0.323156842521129
0.22119999999857 0.3487028856927
0.221599999998569 0.274796729370391
0.221999999998566 0.312223559085842
0.222399999998561 0.333676377361119
0.222799999998561 0.280609214232017
0.223199999998558 0.262687385048576
0.223599999998554 0.266706852968638
0.223999999998553 0.202273220775307
0.22439999999855 0.262255855049261
0.224799999998546 0.244900254163421
0.225199999998545 0.247596399545436
0.225599999998542 0.225195889232556
0.225999999998539 0.250252954054975
0.226399999998537 0.250860486363534
0.226799999998534 0.239360993531372
0.227199999998531 0.1876729478056
0.227599999998529 0.2528656529158
0.227999999998527 0.21922206973941
0.228399999998525 0.242040377031136
0.228799999998521 0.265887787485944
0.229199999998518 0.234592626331743
0.229599999998517 0.25309177444421
0.229999999998513 0.27693407641746
0.23039999999851 0.229724049702012
0.230799999998509 0.280429008068193
0.231199999998506 0.262688795823552
0.231599999998503 0.282856061629612
0.231999999998501 0.254725589006487
0.232399999998498 0.269172949265441
0.232799999998496 0.237757409867387
0.233199999998493 0.24461778305464
0.23359999999849 0.21080702572323
0.233999999998488 0.235873995504249
0.234399999998485 0.293648142135289
0.234799999998482 0.282820587995473
0.235199999998481 0.267787056614001
0.235599999998477 0.252013515572044
0.235999999998474 0.221712848111306
0.236399999998473 0.254528596918726
0.23679999999847 0.282283091020644
0.237199999998467 0.2603757515052
0.237599999998466 0.314763186316645
0.237999999998462 0.259368543061668
0.238399999998459 0.261351663593189
0.238799999998457 0.243166322156435
0.239199999998455 0.247437876067017
0.239599999998451 0.258641633465979
0.239999999998449 0.294435547916252
0.240399999998446 0.269043041349969
0.240799999998443 0.280548399603238
0.241199999998442 0.28255285754659
0.241599999998438 0.258815216341446
0.241999999998436 0.287894267060504
0.242399999998434 0.253778693031012
0.24279999999843 0.262294731002364
0.243199999998429 0.259770901957514
0.243599999998426 0.284367574890356
0.243999999998422 0.256832932649057
0.244399999998422 0.22037432854455
0.244799999998418 0.221100738172531
0.245199999998415 0.281311994002024
0.245599999998414 0.238887864906928
0.24599999999841 0.232329074188389
0.246399999998407 0.253534249682379
0.246799999998405 0.250915388771912
0.247199999998403 0.272776651394027
0.2475999999984 0.264922397120216
0.247999999998398 0.219626143370615
0.248399999998395 0.210382786165999
0.248799999998392 0.215238523035404
0.24919999999839 0.228013760948992
0.249599999998386 0.196300597344266
0.249999999998385 0.160703514856914
0.250399999998382 0.210940394479749
0.250799999998378 0.2044378014798
0.251199999998378 0.182566577398612
0.251599999998374 0.18644570580671
0.251999999998371 0.159523706152235
0.25239999999837 0.178597793277693
0.252799999998366 0.209275510745524
0.253199999998363 0.19022024965204
0.253599999998362 0.138997730511857
0.253999999998359 0.131246601217465
0.254399999998355 0.107571574579786
0.254799999998353 0.127274393807435
0.255199999998351 0.0597846934899677
