# Fix print output for fix out1
3.76591421894777e-16 0.157566528469963
0.000399999999999938 0.541732331437251
0.00079999999999699 0.69918737604334
0.00119999999999454 0.863739190580884
0.00159999999999448 0.800536364172536
0.00199999999999116 0.840434804704038
0.00239999999998896 0.951195068214255
0.0027999999999889 0.852815752254038
0.0031999999999862 0.965171055722063
0.00359999999998388 1.06532248738509
0.00399999999998244 1.05128842527466
0.00439999999998137 1.17478715286122
0.00479999999997855 1.19303072651012
0.00519999999997698 1.25504176978009
0.00559999999997629 1.22744706721314
0.0059999999999736 1.30858914005107
0.0063999999999714 1.39718439427164
0.00679999999997058 1.38392166045764
0.00719999999996751 1.48135404127347
0.00759999999996557 1.46973457320212
0.00799999999996525 1.48956113948098
0.0083999999999623 1.59131865378322
0.00879999999995973 1.59559280058428
0.00919999999995955 1.66359389637827
0.00959999999995735 1.67041960184543
0.0099999999999549 1.76691077245489
0.0103999999999531 1.82022367200604
0.0107999999999524 1.85529643965678
0.0111999999999493 1.86733323105514
0.0115999999999478 1.85100269281151
0.0119999999999471 1.94749467776603
0.0123999999999441 1.92885517166229
0.012799999999942 2.0127259325044
0.0131999999999419 2.08339035205792
0.013599999999938 2.10698103235865
0.013999999999936 2.13500610031365
0.0143999999999359 2.29039732335678
0.0147999999999333 2.27611532241695
0.0151999999999309 2.26046518453006
0.0155999999999304 2.34684474166936
0.0159999999999285 2.40513701099399
0.0163999999999259 2.41955841609521
0.0167999999999239 2.46071372506023
0.0171999999999228 2.48473540812135
0.0175999999999205 2.5126001573229
0.0179999999999187 2.53099424173733
0.0183999999999178 2.62883561195099
0.018799999999915 2.65485358356324
0.0191999999999128 2.69899415604649
0.0195999999999126 2.74532443747511
0.0199999999999092 2.77128361037945
0.0203999999999071 2.78287272920008
0.020799999999907 2.88132862869936
0.0211999999999041 2.94747918664514
0.0215999999999022 2.94396140176208
0.0219999999999006 2.88739508654326
0.0223999999998994 2.9752562750146
0.0227999999998969 3.01533051084498
0.0231999999998948 3.05025946081699
0.0235999999998942 3.0392316402283
0.0239999999998915 3.13127351723263
0.0243999999998894 3.22322755495296
0.0247999999998887 3.20858421521472
0.0251999999998862 3.21995078114009
0.0255999999998835 3.26696660513028
0.0259999999998837 3.30710272481511
0.0263999999998802 3.32086474000162
0.0267999999998781 3.33083867377412
0.0271999999998778 3.37917141075533
0.0275999999998752 3.43601142793102
0.0279999999998733 3.46021385082821
0.0283999999998716 3.54442754031502
0.0287999999998705 3.52518573397222
0.0291999999998675 3.57375476177519
0.029599999999866 3.68011252763286
0.0299999999998651 3.63149254038634
0.0303999999998625 3.66650360170599
0.0307999999998603 3.72857900335708
0.03119999999986 3.77828164805264
0.0315999999998569 3.77692974806698
0.0319999999998546 3.80440756588325
0.0323999999998544 3.80487688971755
0.0327999999998515 3.82412966531562
0.033199999999849 3.96393684752551
0.0335999999998486 3.91697521698617
0.0339999999998463 3.99641405806884
0.0343999999998441 4.02322618903389
0.0347999999998423 3.99971215355394
0.0351999999998416 4.14674460528946
0.0355999999998385 4.17348423028886
0.0359999999998367 4.15215968333383
0.0363999999998361 4.19737139963914
0.0367999999998334 4.21723623994277
0.037199999999831 4.21261499479138
0.0375999999998308 4.1824934102718
0.0379999999998272 4.32970522606522
0.0383999999998255 4.34850817631733
0.0387999999998248 4.27505705371756
0.0391999999998224 4.35503161646498
0.03959999999982 4.48878498073902
0.0399999999998192 4.52188311409726
0.0403999999998175 4.4889444253215
0.0407999999998151 4.53709671978465
0.0411999999998128 4.53973790646292
0.0415999999998122 4.51465697761499
0.0419999999998096 4.53418357186421
0.0423999999998078 4.55991116763278
0.042799999999807 4.60109147599483
0.0431999999998041 4.66614356975486
0.0435999999998021 4.6877281480442
0.0439999999998014 4.61224970289813
0.044399999999798 4.69854441803384
0.0447999999997964 4.75440407236026
0.0451999999997958 4.67199159972902
0.0455999999997931 4.79093240793278
0.0459999999997913 4.85035096126794
0.0463999999997898 4.80642586896967
0.0467999999997883 4.80458642989167
0.0471999999997861 4.84822936018067
0.0475999999997837 4.82513546179146
0.0479999999997831 4.71204395479886
0.0483999999997807 4.77559776504087
0.0487999999997791 4.69860728923504
0.0491999999997777 4.62972688805274
0.049599999999775 4.64054873861527
0.049999999999773 4.65338402280513
0.0503999999997726 4.63924058930965
0.0507999999997694 4.61042926148363
0.0511999999997678 4.67985635727008
0.0515999999997664 4.64581877943242
0.0519999999997643 4.60388765742261
0.0523999999997626 4.59056675412919
0.0527999999997604 4.56432042093205
0.0531999999997592 4.61317172932317
0.0535999999997569 4.5336712393043
0.0539999999997549 4.54806732184301
0.0543999999997543 4.60406477039185
0.0547999999997512 4.53974571532814
0.0551999999997497 4.62405015298389
0.0555999999997487 4.62654952981786
0.0559999999997462 4.63259537595454
0.0563999999997437 4.6728210399045
0.0567999999997432 4.7284458947958
0.0571999999997404 4.81403681546732
0.0575999999997387 4.78130639626331
0.0579999999997373 4.78001799867318
0.0583999999997352 4.82359043662053
0.0587999999997334 4.87461218631106
0.0591999999997311 4.83964360019934
0.0595999999997302 4.86028716132146
0.0599999999997277 4.88295671590506
0.060399999999726 4.90331078135241
0.060799999999725 4.81754857186715
0.0611999999997227 4.8474920730429
0.0615999999997201 4.93127527098031
0.0619999999997192 4.96044581902245
0.0623999999997166 4.91614278174805
0.0627999999997148 4.98943715513827
0.0631999999997139 5.01442511479828
0.0635999999997115 4.90690312430924
0.0639999999997092 5.04150007642947
0.0643999999997084 5.06183936526268
0.0647999999997061 4.93623225920457
0.0651999999997041 4.98017996497694
0.0655999999997018 5.02206652413098
0.0659999999997013 4.99928705579986
0.0663999999996983 5.01824171688074
0.0667999999996967 5.11995117875624
0.0671999999996962 5.08423582060311
0.0675999999996933 5.1366395415042
0.0679999999996913 5.19020830241207
0.0683999999996907 5.23038412927698
0.0687999999996871 5.19722242651504
0.0691999999996856 5.12509118450526
0.0695999999996845 5.27962121126129
0.0699999999996824 5.28636580883355
0.0703999999996804 5.24870228199652
0.0707999999996791 5.24822367478014
0.0711999999996772 5.1626451854528
0.0715999999996752 5.10032322572835
0.0719999999996728 5.0164552045463
0.072399999999672 5.16018952435685
0.0727999999996697 5.15474914617004
0.0731999999996679 5.04028332950883
0.0735999999996671 5.05245857135199
0.073999999999664 5.09216560802175
0.0743999999996622 5.040412076711
0.0747999999996616 5.06728041301661
0.0751999999996585 4.91601220101389
0.0755999999996567 4.9489655756718
0.0759999999996559 4.84685476601739
0.0763999999996533 4.80315420839808
0.0767999999996518 4.66891424786559
0.0771999999996495 4.44915291920984
0.0775999999996484 4.20520486660156
0.0779999999996461 4.06548252353279
0.078399999999644 3.78343451376286
0.0787999999996432 3.40691206399258
0.0791999999996403 3.01692041675068
0.0795999999996383 2.67019417258099
0.0799999999996372 2.3208340382404
0.0803999999996352 1.95540462320412
0.0807999999996331 1.54634602954103
0.0811999999996323 1.28542111700602
0.0815999999996299 1.11159362219296
0.0819999999996281 1.06607809312309
0.0823999999996261 0.909130684157379
0.0827999999996245 0.869042134408171
0.0831999999996222 0.977686373027727
0.0835999999996198 1.00334134839636
0.0839999999996195 1.2574069046446
0.0843999999996167 1.44464026245679
0.0847999999996151 1.40887370150123
0.0851999999996141 1.38198196255474
0.0855999999996115 1.39178428725377
0.0859999999996097 1.3286193867318
0.0863999999996086 1.23134081327462
0.086799999999606 1.17206915201712
0.087199999999604 0.991752950485485
0.0875999999996034 0.858741623842288
0.0879999999996008 0.741580893897977
0.0883999999995983 0.719616413994109
0.0887999999995977 0.703660943394938
0.0891999999995954 0.773486403565925
0.0895999999995933 1.0235428782568
0.0899999999995912 1.00902239565513
0.0903999999995902 1.09092760923458
0.0907999999995878 1.15226941852727
0.091199999999586 1.13561807549663
0.0915999999995852 1.16441017512298
0.0919999999995827 1.2455194560885
0.0923999999995801 1.19523767993276
0.0927999999995798 1.14969642706241
0.0931999999995762 1.02090743425773
0.0935999999995744 0.863580743262793
0.0939999999995741 0.769154576305358
0.0943999999995715 0.732766116353322
0.0947999999995689 0.809498039850937
0.0951999999995686 0.889510435112895
0.0955999999995663 0.993442556155612
0.0959999999995642 0.994065420224387
0.0963999999995619 1.09078870342149
0.0967999999995611 1.25110579109227
0.0971999999995588 1.36685631998962
0.0975999999995567 1.54510867825205
0.0979999999995564 1.49699524824585
0.0983999999995533 1.45466419094114
0.0987999999995507 1.33422893120551
0.0991999999995507 1.1959068387981
0.0995999999995473 1.1400883218309
0.0999999999995453 1.13762928036855
0.100399999999545 1.07461295440716
0.100799999999542 1.02339857565796
0.101199999999541 1.00692568884262
0.101599999999539 1.06822926902601
0.101999999999537 1.17188416197903
0.102399999999535 1.3234364032747
0.102799999999533 1.47961051092241
0.103199999999532 1.4728093400116
0.10359999999953 1.58172098450749
0.103999999999528 1.50101148244541
0.104399999999527 1.47628830951458
0.104799999999524 1.59038746783147
0.105199999999522 1.50564380644072
0.105599999999522 1.3397465736763
0.105999999999518 1.28819504328607
0.106399999999516 1.24787025937616
0.106799999999516 1.26226671367667
0.107199999999513 1.2759861963497
0.107599999999511 1.28904612158531
0.10799999999951 1.36548295030499
0.108399999999508 1.41455240770621
0.108799999999506 1.51040289472959
0.109199999999504 1.4982316860044
0.109599999999503 1.57344753025691
0.109999999999501 1.55900630940425
0.110399999999499 1.58924211520924
0.110799999999498 1.52090330567252
0.111199999999495 1.46507132045167
0.111599999999493 1.42160907994445
0.111999999999492 1.29321767475534
0.11239999999949 1.22660835955912
0.112799999999488 1.15367009614899
0.113199999999487 1.14096934023163
0.113599999999484 1.09666294648489
0.113999999999483 1.08992132537372
0.11439999999948 1.09461641741737
0.114799999999479 1.11225545990415
0.115199999999477 0.991580626232301
0.115599999999475 1.10964227951748
0.115999999999475 1.14597810367402
0.116399999999472 1.21103113412995
0.116799999999469 1.20952136031201
0.117199999999469 1.16984641418097
0.117599999999465 1.11194890148568
0.117999999999464 1.09649586683824
0.118399999999463 1.05298764940533
0.118799999999461 0.923506921175061
0.119199999999458 1.05686672344487
0.119599999999457 1.08802760305252
0.119999999999455 1.0102072273233
0.120399999999453 1.10694980203909
0.120799999999451 1.09210569204771
0.12119999999945 1.05542834430334
0.121599999999448 1.17249757439331
0.121999999999446 1.19011836336372
0.122399999999445 1.2656489357708
0.122799999999442 1.25660296650716
0.123199999999441 1.17039228046697
0.123599999999439 1.04853017000039
0.123999999999436 1.06991945094166
0.124399999999435 1.02656925008364
0.124799999999434 0.893306178516538
0.125199999999432 0.900051221255342
0.12559999999943 0.889103671676878
0.125999999999428 0.925089400800875
0.126399999999426 0.914050357121872
0.126799999999424 0.997547497595657
0.127199999999422 0.993203535489918
0.127599999999421 1.013386695463
0.127999999999418 1.13495461320309
0.128399999999417 1.1143682486769
0.128799999999416 1.1574279593145
0.129199999999413 1.20026187233777
0.129599999999411 1.12896433759805
0.129999999999411 1.10121846842358
0.130399999999408 1.17562491220246
0.130799999999406 0.989278589246189
0.131199999999405 1.02343560106151
0.131599999999402 0.999799500527895
0.131999999999401 1.0810439134579
0.132399999999399 1.05328701037674
0.132799999999397 1.06706393610728
0.133199999999395 1.09239955488585
0.133599999999393 1.00361207042345
0.133999999999393 1.17451902476098
0.13439999999939 1.247021377359
0.134799999999388 1.22120293279297
0.135199999999387 1.17786398024062
0.135599999999385 1.13875402454906
0.135999999999382 1.05198850527918
0.136399999999382 1.00341383336551
0.136799999999379 0.995052806108497
0.137199999999376 1.0259012356395
0.137599999999376 0.996361674094943
0.137999999999373 0.866656657363831
0.138399999999372 0.855618440063949
0.138799999999369 0.737343574386448
0.139199999999368 0.833057651077167
0.139599999999366 0.84772796731837
0.139999999999364 0.85436448725897
0.140399999999363 1.00682313300046
0.140799999999361 0.901604611092076
0.141199999999359 0.912541076042489
0.141599999999358 0.948822547191922
0.141999999999355 0.973909263814592
0.142399999999353 1.10618890527608
0.142799999999352 1.12680191244382
0.14319999999935 1.1687734719998
0.143599999999348 1.04816008918174
0.143999999999347 0.987119854928656
0.144399999999344 0.98233777530745
0.144799999999342 0.957359226565291
0.145199999999341 1.12960650499367
0.14559999999934 1.10868639483075
0.145999999999337 1.06123170564615
0.146399999999335 1.0203416511666
0.146799999999334 1.01258573261833
0.147199999999332 1.01841993480978
0.14759999999933 1.12740058144229
0.147999999999329 1.17790348158581
0.148399999999326 1.24162619180746
0.148799999999323 1.2163294944489
0.149199999999323 1.12244575884065
0.149599999999321 1.03894531354523
0.149999999999319 1.04947356973632
0.150399999999317 1.04920762438066
0.150799999999316 1.0892624457591
0.151199999999314 1.00195418821611
0.151599999999311 1.02504261706043
0.15199999999931 0.868644567087666
0.152399999999308 0.822702557717925
0.152799999999306 0.875704651900514
0.153199999999305 0.872782363519088
0.153599999999303 0.960021279504577
0.153999999999301 1.02943378176382
0.1543999999993 1.00284659884291
0.154799999999297 1.01797953922562
0.155199999999295 1.08428013095704
0.155599999999294 1.09287134147826
0.155999999999291 1.0587969063002
0.156399999999289 1.11079827239837
0.156799999999288 1.0736328114472
0.157199999999286 0.98147855135862
0.157599999999284 0.948019493411695
0.157999999999282 0.907078917472857
0.158399999999282 0.81958692166515
0.158799999999278 0.826284714208666
0.159199999999277 0.70759150152496
0.159599999999276 0.631048227347556
0.159999999999274 0.657495036448987
0.160399999999271 0.608973335624712
0.160799999999271 0.498980332892699
0.161199999999268 0.526015863928881
0.161599999999266 0.590622496892532
0.161999999999265 0.558922554343582
0.162399999999262 0.54438705188476
0.162799999999261 0.632466170121244
0.163199999999258 0.589405273538829
0.163599999999257 0.519227948645473
0.163999999999255 0.657686767397074
0.164399999999254 0.546754835076206
0.164799999999253 0.622318072270396
0.16519999999925 0.553180902617298
0.165599999999248 0.520285027349601
0.165999999999247 0.624070395783637
0.166399999999244 0.623659483274883
0.166799999999242 0.611493015557519
0.167199999999242 0.554114019053143
0.167599999999239 0.610698377011246
0.167999999999237 0.575821376554032
0.168399999999236 0.637699601759479
0.168799999999233 0.569613460073524
0.169199999999231 0.583359885844723
0.16959999999923 0.484207506755994
0.169999999999229 0.553488745062577
0.170399999999226 0.466147226914571
0.170799999999225 0.496453413722914
0.171199999999223 0.445860995984662
0.171599999999221 0.364401193236181
0.171999999999219 0.456903999480059
0.172399999999218 0.391233674351092
0.172799999999215 0.447447841454483
0.173199999999214 0.501725094913686
0.173599999999212 0.544799863573574
0.17399999999921 0.59543480099428
0.174399999999208 0.605689401365465
0.174799999999206 0.645090367787691
0.175199999999204 0.584792345724996
0.175599999999202 0.618686816710374
0.1759999999992 0.721623008569514
0.176399999999199 0.678644590343191
0.176799999999196 0.651033958317421
0.177199999999196 0.625030205347115
0.177599999999195 0.566218271708651
0.177999999999192 0.526841944827658
0.17839999999919 0.556980068548717
0.178799999999189 0.621131599419017
0.179199999999185 0.605539424006569
0.179599999999184 0.653847556054464
0.179999999999182 0.587115922218671
0.180399999999181 0.606560854759238
0.180799999999179 0.681266093865343
0.181199999999177 0.691588656955999
0.181599999999175 0.748598475464164
0.181999999999173 0.730204124688763
0.182399999999171 0.76479382105836
0.18279999999917 0.835653485282638
0.183199999999168 0.680505979214162
0.183599999999166 0.674809019690078
0.183999999999166 0.663466014529332
0.184399999999162 0.655944690121299
0.18479999999916 0.704723601986475
0.18519999999916 0.688407800915482
0.185599999999156 0.687911092633147
0.185999999999156 0.707113345741638
0.186399999999154 0.676662648482245
0.186799999999151 0.648165541043771
0.18719999999915 0.781202073181764
0.187599999999147 0.789490893354935
0.187999999999146 0.74417002295601
0.188399999999144 0.845303640731175
0.188799999999143 0.8089297850965
0.189199999999141 0.748147986843456
0.189599999999138 0.747675018010505
0.189999999999137 0.780156641951255
0.190399999999136 0.769533655486606
0.190799999999133 0.647215977211428
0.191199999999131 0.749019198838793
0.191599999999131 0.676360386051844
0.191999999999128 0.60702899346687
0.192399999999126 0.63035602194093
0.192799999999125 0.610650358631514
0.193199999999123 0.563768561738436
0.193599999999121 0.555754560692579
0.193999999999118 0.546518875346304
0.194399999999117 0.433956197289141
0.194799999999115 0.488631225330278
0.195199999999114 0.413533123537638
0.195599999999113 0.357070305859581
0.19599999999911 0.29170047577041
0.196399999999108 0.199773174156582
0.196799999999106 0.188859146139751
0.197199999999104 0.146765672769628
0.197599999999102 0.0744822104521081
