# Fix print output for fix out1
-2.3613618168773e-15 0.24565514254413
0.000399999999997619 0.359967277200624
0.00079999999999701 0.486944215377302
0.0011999999999964 0.534403146130851
0.00159999999999638 0.512664117398348
0.0019999999999966 0.599670600326104
0.00239999999999552 0.658003158320073
0.00279999999999491 0.669148554780334
0.00319999999999571 0.706211551795838
0.00359999999999534 0.79022363001993
0.00399999999999485 0.841736594032691
0.00439999999999471 0.902517182958374
0.00479999999999458 0.945872422006317
0.00519999999999444 1.00066225532942
0.00559999999999347 1.05631892744408
0.00599999999999346 1.09058342263895
0.00639999999999379 1.15090120994962
0.00679999999999354 1.20188369729079
0.00719999999999257 1.23018677934698
0.00759999999999267 1.280470012082
0.00799999999999277 1.30180133345971
0.00839999999999192 1.32285700830828
0.00879999999999131 1.35344476712712
0.00919999999999212 1.3346272740284
0.00959999999999175 1.33929172842832
0.00999999999999102 1.39228830437913
0.0103999999999905 1.39212489398014
0.0107999999999907 1.43081803560643
0.0111999999999908 1.47244388281672
0.0115999999999896 1.47667820467765
0.01199999999999 1.53649587452604
0.0123999999999901 1.59376375646001
0.0127999999999896 1.58919583303844
0.013199999999989 1.57687926240567
0.013599999999989 1.68464291262309
0.0139999999999889 1.73155300315455
0.0143999999999882 1.75246488008337
0.0147999999999878 1.82189190393609
0.0151999999999882 1.9262881657024
0.0155999999999879 1.91269143822468
0.0159999999999871 1.973321289394
0.0163999999999866 2.04000182752732
0.0167999999999868 2.06202092980295
0.0171999999999871 2.07905555577481
0.0175999999999859 2.15938081043087
0.017999999999986 2.20891597421182
0.0183999999999863 2.22927237736662
0.0187999999999854 2.28019594464713
0.0191999999999851 2.26597025171706
0.0195999999999851 2.27950541416437
0.019999999999985 2.35693739152017
0.0203999999999845 2.30036507784482
0.0207999999999838 2.29136834539942
0.0211999999999842 2.39738446973284
0.0215999999999841 2.36483786253954
0.0219999999999831 2.42012150859542
0.022399999999983 2.48885729018178
0.022799999999983 2.44516114101248
0.0231999999999833 2.489893551821
0.0235999999999823 2.48413174425117
0.0239999999999821 2.46915614010508
0.0243999999999822 2.49685685453247
0.0247999999999819 2.56364786347585
0.025199999999981 2.62292089417284
0.0255999999999815 2.69046208129113
0.0259999999999813 2.69425685318632
0.0263999999999807 2.72934573489895
0.0267999999999801 2.83176558471158
0.0271999999999804 2.82121735935588
0.0275999999999805 2.88237878566883
0.0279999999999795 2.9263913998946
0.0283999999999793 2.92048090606779
0.0287999999999793 2.98666955322695
0.0291999999999792 3.04346887027599
0.0295999999999785 3.00876930622296
0.0299999999999784 3.08062992401485
0.0303999999999784 3.07003245757826
0.0307999999999782 3.04885144341882
0.0311999999999771 3.08071467523611
0.0315999999999777 3.09840417512233
0.0319999999999776 3.10657646716449
0.0323999999999768 3.11332759952308
0.0327999999999762 3.15939128870388
0.0331999999999761 3.18911492514259
0.0335999999999766 3.1989411848596
0.0339999999999758 3.16552671432049
0.0343999999999753 3.17425082101509
0.0347999999999753 3.21733443237547
0.0351999999999753 3.19890028698818
0.0355999999999746 3.25240048158208
0.0359999999999748 3.30652040897851
0.0363999999999745 3.30771907654742
0.0367999999999745 3.38044611248702
0.0371999999999733 3.41741651205581
0.0375999999999735 3.41534759121799
0.0379999999999735 3.50622620209314
0.0383999999999733 3.54757020386183
0.0387999999999728 3.5577199655569
0.0391999999999725 3.57698633987428
0.0395999999999725 3.63596901286294
0.0399999999999718 3.63331895074126
0.0403999999999713 3.71190255693196
0.0407999999999717 3.71322141618463
0.0411999999999715 3.72435788800527
0.041599999999971 3.76562542355263
0.0419999999999707 3.76283224825493
0.0423999999999707 3.73432606772133
0.0427999999999707 3.71287338100494
0.0431999999999695 3.818043614798
0.0435999999999697 3.78989102507021
0.0439999999999699 3.80488367907358
0.0443999999999697 3.83869742377811
0.0447999999999687 3.85110123654315
0.0451999999999687 3.83906952286893
0.0455999999999689 3.86146328724238
0.0459999999999679 3.86197527795382
0.0463999999999674 3.87602804354716
0.0467999999999684 3.91212229343526
0.0471999999999676 3.89626029355322
0.0475999999999671 3.9398350098926
0.0479999999999667 4.04032478822446
0.0483999999999669 4.07173961603856
0.0487999999999671 4.093615282674
0.0491999999999657 4.13316212453936
0.0495999999999659 4.17236388009434
0.0499999999999661 4.17029809695509
0.0503999999999658 4.20532879494623
0.0507999999999651 4.25485381484444
0.0511999999999651 4.23916155657574
0.0515999999999651 4.24757165538213
0.0519999999999643 4.24221839865449
0.0523999999999638 4.26437597084222
0.0527999999999643 4.2049164176701
0.0531999999999638 4.21102686485681
0.0535999999999631 4.23017126265038
0.0539999999999628 4.20755420047908
0.0543999999999628 4.1647388529467
0.0547999999999633 4.1677506783721
0.0551999999999621 4.17258842029359
0.055599999999962 4.10804927532822
0.0559999999999625 4.13447793221156
0.056399999999962 4.14749194380821
0.0567999999999613 4.10529474870595
0.0571999999999613 4.09038121650423
0.0575999999999608 4.11047996748284
0.057999999999961 4.07980419174417
0.05839999999996 4.10947282772868
0.05879999999996 4.17363689182218
0.05919999999996 4.15486356296426
0.0595999999999597 4.24500683877926
0.059999999999959 4.23775694878369
0.060399999999959 4.29744459289249
0.0607999999999592 4.35390004226132
0.0611999999999589 4.37699781622315
0.0615999999999584 4.39723091752555
0.0619999999999584 4.47294013605629
0.0623999999999582 4.53200329728219
0.0627999999999572 4.55065002747152
0.0631999999999579 4.57811963742361
0.0635999999999567 4.66914123800016
0.0639999999999569 4.6461483321541
0.0643999999999564 4.67781404898207
0.0647999999999564 4.74024940324704
0.0651999999999559 4.74400778533858
0.0655999999999557 4.71136947627144
0.0659999999999552 4.7177839385017
0.0663999999999551 4.68627473521481
0.0667999999999554 4.64189614738668
0.0671999999999549 4.6823546609365
0.0675999999999546 4.64742836494722
0.0679999999999541 4.62766878552574
0.0683999999999543 4.60104453135015
0.0687999999999531 4.5800816693218
0.0691999999999541 4.51106826859099
0.0695999999999529 4.50712933480902
0.0699999999999533 4.41044558295278
0.0703999999999524 4.27793701814065
0.0707999999999526 4.11332327206503
0.0711999999999521 3.9390420428508
0.0715999999999523 3.79383347164892
0.0719999999999511 3.57622232418983
0.0723999999999513 3.36431614794027
0.0727999999999511 3.05535448686217
0.073199999999951 2.75601830118591
0.0735999999999506 2.40304668959974
0.0739999999999503 2.00464350489469
0.0743999999999505 1.60642788413342
0.0747999999999495 1.24814066260601
0.0751999999999498 0.819812859358685
0.0755999999999497 0.495662778233481
0.0759999999999495 0.198806793380027
0.0763999999999488 -0.0466985450037874
