# Fix print output for fix out1
4.15721961097154e-16 -0.0435610559975507
0.000100000000000301 0.0314301893838212
0.000200000000000463 0.0150378950078256
0.000300000000000348 0.115258484388177
0.00040000000000051 0.0578612656932707
0.000500000000000395 0.166494277496231
0.00060000000000028 0.132455060163022
0.000700000000000442 0.167185857297084
0.000800000000000327 0.179641889950472
0.000900000000000489 0.104772953600697
0.00100000000000037 0.169128847744329
0.00110000000000054 0.0804898513042081
0.00120000000000042 0.181766413522944
0.00130000000000031 0.11744630576364
0.00140000000000047 0.182159395165262
0.00150000000000035 0.150630141142929
0.00160000000000051 0.211036424553566
0.0017000000000004 0.228374352515466
0.00180000000000028 0.286342001613301
0.00190000000000045 0.302866237038338
0.00200000000000033 0.356513752234124
0.00210000000000049 0.364185844936064
0.00220000000000038 0.371755100351296
0.00230000000000054 0.426240381052501
0.00240000000000043 0.320616226728893
0.00250000000000031 0.367981246704514
0.00260000000000047 0.286219592094568
0.00270000000000036 0.33664183785022
0.00280000000000052 0.292851794081511
0.0029000000000004 0.348053161075731
0.00300000000000029 0.318953723458198
0.00310000000000045 0.404017268680039
0.00320000000000034 0.444751234635256
0.0033000000000005 0.454750059312633
0.00340000000000038 0.509171100932318
0.00350000000000055 0.515887614894675
0.00360000000000043 0.535540481649169
0.00370000000000032 0.51382806333697
0.00380000000000048 0.529581538823633
0.00390000000000036 0.514276157543995
0.00400000000000052 0.534175363452252
0.00410000000000041 0.514381501857184
0.00420000000000029 0.561758963564734
0.00430000000000046 0.529102398132566
0.00440000000000034 0.543502585784443
0.0045000000000005 0.519754712140926
0.00460000000000039 0.549886336815812
0.00470000000000055 0.559793555329447
0.00480000000000043 0.673995453493832
0.00490000000000032 0.695335471237396
0.00500000000000048 0.738108587410727
0.00510000000000037 0.727825297317674
0.00520000000000053 0.741096451450884
0.00530000000000041 0.752127215735184
0.0054000000000003 0.698176049060993
0.00550000000000046 0.749118810174811
0.00560000000000035 0.681407641226459
0.00570000000000051 0.759138960194529
0.00580000000000039 0.669687472605105
0.00590000000000055 0.741923835377095
0.00600000000000044 0.729735606979401
0.00610000000000032 0.74379638537022
0.00620000000000049 0.820687957527333
0.00630000000000037 0.783057719694462
0.00640000000000053 0.867572303628972
0.00650000000000042 0.838165872765334
0.0066000000000003 0.880715370820818
0.00670000000000047 0.868618061356459
0.00680000000000035 0.894645023750544
0.00690000000000051 0.902202758984708
0.0070000000000004 0.913367161566081
0.00710000000000028 0.922301180308449
0.00720000000000044 0.943887216839056
0.00730000000000033 0.942892034960207
0.00740000000000049 0.938762789640587
0.00750000000000038 0.983909000257404
0.00760000000000054 0.909046151364635
0.00770000000000042 0.992118044484843
0.00780000000000031 0.930486678001115
0.00790000000000047 1.00543985431888
0.00800000000000036 1.00884960081418
0.00810000000000052 1.05101216488018
0.0082000000000004 1.07465875485016
0.00830000000000029 1.07580927726308
0.00840000000000045 1.13310938522134
0.00850000000000034 1.09346181567233
0.0086000000000005 1.1509809347014
0.00870000000000038 1.05215396582468
0.00880000000000054 1.11103369419563
0.00890000000000043 1.0647891820336
0.00900000000000031 1.12286728308377
0.00910000000000048 1.09877427378701
0.00920000000000036 1.1268307115256
0.00930000000000052 1.18709588826892
0.00940000000000041 1.18516115792789
0.00950000000000029 1.23789185134831
0.00960000000000046 1.23082396351232
0.00970000000000034 1.26103378280118
0.0098000000000005 1.28352565888891
0.00990000000000039 1.29799176561162
0.0100000000000005 1.27594552798205
0.0101000000000004 1.29880178907468
0.0102000000000003 1.23881693262229
0.0103000000000005 1.22875652415219
0.0104000000000004 1.24792671225306
0.0105000000000005 1.2704849895498
0.0106000000000004 1.29766247966531
0.0107000000000003 1.34056357626597
0.0108000000000005 1.39223597675155
0.0109000000000003 1.39425100891851
0.0110000000000005 1.4659118535011
0.0111000000000004 1.46483549667801
0.0112000000000006 1.45863424675811
0.0113000000000004 1.44493659467186
0.0114000000000003 1.4169354581739
0.0115000000000005 1.42284551327443
0.0116000000000004 1.40417192728966
0.0117000000000005 1.42532223806373
0.0118000000000004 1.41359449649474
0.0119000000000003 1.46271510167901
0.0120000000000005 1.49100620745393
0.0121000000000004 1.53292380428859
0.0122000000000005 1.51863629916575
0.0123000000000004 1.58383389205073
0.0124000000000004 1.56049279675659
0.0125000000000004 1.62538369284517
0.0126000000000003 1.57096199517309
0.0127000000000005 1.59054319428702
0.0128000000000004 1.56574776682438
0.0129000000000005 1.595442470238
0.0130000000000004 1.57257975602361
0.0131000000000003 1.59955833795171
0.0132000000000005 1.63082408723744
0.0133000000000004 1.65615545152768
0.0134000000000005 1.66829126363916
0.0135000000000004 1.73098011120711
0.0136000000000003 1.74910683281458
0.0137000000000004 1.76749605700156
0.0138000000000003 1.79528373366333
0.0139000000000005 1.7330166532983
0.0140000000000004 1.77153779885974
0.0141000000000005 1.66117149726796
0.0142000000000004 1.76731310865465
0.0143000000000003 1.69254575230353
0.0144000000000005 1.76680820759387
0.0145000000000004 1.73991708429777
0.0146000000000005 1.80434857638518
0.0147000000000004 1.81710842493415
0.0148000000000003 1.85085497541247
0.0149000000000005 1.91442862395155
0.0150000000000003 1.89207309000161
0.0151000000000005 1.94414421518494
0.0152000000000004 1.88554776557616
0.0153000000000005 1.92417002915417
0.0154000000000004 1.80057346369257
0.0155000000000003 1.86957497187692
0.0156000000000005 1.84977589464482
0.0157000000000004 1.83875205725453
0.0158000000000005 1.91167096400541
0.0159000000000004 1.9293787992163
0.0160000000000003 1.92824491864632
0.0161000000000005 1.99113153781859
0.0162000000000003 2.01698645057384
0.0163000000000005 2.05765850876254
0.0164000000000004 2.10051582795433
0.0165000000000006 2.06482582429516
0.0166000000000004 2.04216466171848
0.0167000000000003 1.95013656364483
0.0168000000000005 1.9748302713016
0.0169000000000004 1.95735139365076
0.0170000000000005 1.99544858718902
0.0171000000000004 2.02927598394258
0.0172000000000003 2.06675469249681
0.0173000000000005 2.11367589877079
0.0174000000000003 2.15166469800857
0.0175000000000005 2.1990539068557
0.0176000000000004 2.20347921928989
0.0177000000000004 2.20782425734424
0.0178000000000004 2.23814278888651
0.0179000000000003 2.11415794081328
0.0180000000000005 2.17261606122817
0.0181000000000004 2.0776181641222
0.0182000000000005 2.13585597663303
0.0183000000000004 2.14338393308968
0.0184000000000003 2.18871664878148
0.0185000000000005 2.21424300628982
0.0186000000000004 2.24846843080053
0.0187000000000005 2.31336215503092
0.0188000000000004 2.36458279073302
0.0189000000000004 2.33992307587663
0.0190000000000004 2.36924327331902
0.0191000000000003 2.27491070681083
0.0192000000000005 2.27765694529345
0.0193000000000004 2.22001347242076
0.0194000000000005 2.26395912432109
0.0195000000000004 2.20752738645783
0.0196000000000003 2.2844301156756
0.0197000000000005 2.30833637891093
0.0198000000000004 2.37810140851044
0.0199000000000005 2.43137681587714
0.0200000000000004 2.41673390234284
0.0201000000000003 2.47294727728672
0.0202000000000005 2.41839229123212
0.0203000000000003 2.49566365269343
0.0204000000000005 2.45292082607532
0.0205000000000004 2.38014039958497
0.0206000000000005 2.44426406935898
0.0207000000000004 2.38320215002295
0.0208000000000003 2.48347114085002
0.0209000000000005 2.4145029872005
0.0210000000000004 2.52612756570312
0.0211000000000005 2.499899015404
0.0212000000000004 2.56907620739914
0.0213000000000003 2.56395267226154
0.0214000000000005 2.56609416192826
0.0215000000000003 2.61355998045625
0.0216000000000005 2.51767839446076
0.0217000000000004 2.60973534605058
0.0218000000000006 2.44388767011405
0.0219000000000004 2.59378350391243
0.0220000000000003 2.50998836793098
0.0221000000000005 2.61806740773771
0.0222000000000004 2.56353024148043
0.0223000000000005 2.62285539333438
0.0224000000000004 2.65873730942909
0.0225000000000003 2.65225323595788
0.0226000000000005 2.71251289518931
0.0227000000000003 2.67277447817997
0.0228000000000005 2.76507951076907
0.0229000000000004 2.66344053679594
0.0230000000000006 2.72085624854466
0.0231000000000004 2.61434069053984
0.0232000000000003 2.60531393187223
0.0233000000000005 2.6291012356133
0.0234000000000004 2.64414990373441
0.0235000000000005 2.69752192827173
0.0236000000000004 2.7770864552341
0.0237000000000003 2.80737332194323
0.0238000000000005 2.84590928807818
0.0239000000000004 2.88439598600176
0.0240000000000005 2.87776268095524
0.0241000000000004 2.86007698917454
0.0242000000000006 2.83824753733692
0.0243000000000004 2.80154358259463
0.0244000000000003 2.77874553087793
0.0245000000000005 2.76728457479057
0.0246000000000004 2.75866497812985
0.0247000000000005 2.81341138166745
0.0248000000000004 2.84238922699179
0.0249000000000003 2.90171268552028
0.0250000000000005 2.98332155883569
0.0251000000000004 2.988338191446
0.0252000000000005 3.05251963084658
0.0253000000000004 2.96153265628418
0.0254000000000004 2.95141272290173
0.0255000000000004 2.94156986487657
0.0256000000000003 2.93252556990834
0.0257000000000005 2.93294307720801
0.0258000000000004 2.94921456381463
0.0259000000000005 2.99713778405
0.0260000000000004 2.97417093092445
0.0261000000000003 3.04344401028772
0.0262000000000005 3.02510255466521
0.0263000000000004 3.08550774103094
0.0264000000000005 3.05005891706542
0.0265000000000004 3.07144026604298
0.0266000000000003 3.07306932941673
0.0267000000000005 3.02524040518282
0.0268000000000003 3.06065669158575
0.0269000000000005 3.03061212674363
0.0270000000000004 3.07535852343096
0.0271000000000005 3.09383372045472
0.0272000000000004 3.12834430645555
0.0273000000000003 3.16123573776679
0.0274000000000005 3.14438571299127
0.0275000000000004 3.19369625706651
0.0276000000000005 3.21381174316942
0.0277000000000004 3.20586113177639
0.0278000000000003 3.16872000797552
0.0279000000000005 3.16481302835938
0.0280000000000003 3.11293937381834
0.0281000000000005 3.17532765818923
0.0282000000000004 3.17015260364676
0.0283000000000006 3.24913639157886
0.0284000000000004 3.20717860358112
0.0285000000000003 3.29437831955641
0.0286000000000005 3.28403961329594
0.0287000000000004 3.27742826370079
0.0288000000000005 3.31312873844123
0.0289000000000004 3.27880626571374
0.0290000000000003 3.2565403546152
0.0291000000000005 3.19863718747169
0.0292000000000004 3.25226204676802
0.0293000000000005 3.2283947472907
0.0294000000000004 3.28900676814003
0.0295000000000006 3.29521985446833
0.0296000000000004 3.402703722249
0.0297000000000003 3.37934384199588
0.0298000000000005 3.37920406186047
0.0299000000000004 3.4055061790088
0.0300000000000005 3.37693243855671
0.0301000000000004 3.38233830364391
0.0302000000000003 3.33787688364775
0.0303000000000005 3.31547942935342
0.0304000000000004 3.32247738113116
0.0305000000000005 3.39714231523212
0.0306000000000004 3.41228194229571
0.0307000000000004 3.45991478961759
0.0308000000000004 3.52478355979038
0.0309000000000003 3.4974458174615
0.0310000000000005 3.55420901279119
0.0311000000000004 3.49592761199638
0.0312000000000005 3.49259095715458
0.0313000000000004 3.41781165558652
0.0314000000000003 3.40157226790007
0.0315000000000005 3.42615647355736
0.0316000000000004 3.40265390464782
0.0317000000000005 3.5071638488696
0.0318000000000004 3.54207961102192
0.0319000000000004 3.64663107486372
0.0320000000000005 3.67899054525499
0.0321000000000003 3.6270477448875
0.0322000000000005 3.64700476955983
0.0323000000000004 3.57458315182947
0.0324000000000005 3.57111291181651
0.0325000000000004 3.51932787265057
0.0326000000000003 3.55266361154044
0.0327000000000005 3.53718069051741
0.0328000000000004 3.59698701217572
0.0329000000000005 3.61018390980801
0.0330000000000004 3.68816905671441
0.0331000000000003 3.75303631106307
0.0332000000000005 3.74987234767188
0.0333000000000003 3.77504241074605
0.0334000000000005 3.70940640168171
0.0335000000000004 3.67820559739146
0.0336000000000006 3.64836933632974
0.0337000000000004 3.6018549781348
0.0338000000000003 3.67771862910076
0.0339000000000005 3.67700733508353
0.0340000000000004 3.73538224835249
0.0341000000000005 3.76324500310545
0.0342000000000004 3.80227943438041
0.0343000000000003 3.78497067388709
0.0344000000000005 3.80628328744796
0.0345000000000003 3.82284866742973
0.0346000000000005 3.72769159470327
0.0347000000000004 3.75845299049656
0.0348000000000006 3.7189267091354
0.0349000000000004 3.78156494639385
0.0350000000000003 3.80030504172228
0.0351000000000005 3.81709524369738
0.0352000000000004 3.85493224547331
0.0353000000000005 3.85743162606468
0.0354000000000004 3.86413092829425
0.0355000000000003 3.82887774396703
0.0356000000000005 3.89604615507881
0.0357000000000003 3.85588443459269
0.0358000000000005 3.8213132674282
0.0359000000000004 3.87369365571114
0.0360000000000006 3.82542955230215
0.0361000000000004 3.91883184086045
0.0362000000000003 3.91209081924044
0.0363000000000005 3.97144294789965
0.0364000000000004 3.95588797520308
0.0365000000000005 3.96828529302844
0.0366000000000004 3.95346608033036
0.0367000000000003 3.99828656825394
0.0368000000000005 3.94699006197537
0.0369000000000004 3.99096428025147
0.0370000000000005 3.93738141868395
0.0371000000000004 3.93340792946374
0.0372000000000004 3.97434864483461
0.0373000000000005 3.99332140687246
0.0374000000000003 4.10967934574292
0.0375000000000005 4.03082254481959
0.0376000000000004 4.12268754524828
0.0377000000000005 4.05114894328211
0.0378000000000004 4.04618385200597
0.0379000000000003 4.02662688365631
0.0380000000000005 4.06838083558429
0.0381000000000004 4.06639637110308
0.0382000000000005 4.02583715002426
0.0383000000000004 4.05729859448807
0.0384000000000004 4.03585499852005
0.0385000000000005 4.08026018652978
0.0386000000000003 4.16774106034873
0.0387000000000005 4.15211719085374
0.0388000000000004 4.22912406151836
0.0389000000000006 4.15365487311506
0.0390000000000004 4.21120039927876
0.0391000000000003 4.1317362090861
0.0392000000000005 4.11139291298207
0.0393000000000004 4.1257008826919
0.0394000000000005 4.12463153668711
0.0395000000000004 4.19288242178605
0.0396000000000003 4.15282273314877
0.0397000000000005 4.25332013129098
0.0398000000000003 4.21616623713054
0.0399000000000005 4.24280145228433
0.0400000000000004 4.29485573668464
0.0401000000000006 4.22142111637839
0.0402000000000004 4.28915870053406
0.0403000000000003 4.18813833516912
0.0404000000000005 4.29899636414102
0.0405000000000004 4.24216408751518
0.0406000000000005 4.24913526910523
0.0407000000000004 4.27925148438633
0.0408000000000003 4.26639218755652
0.0409000000000005 4.32172813501132
0.0410000000000003 4.277352891117
0.0411000000000005 4.35010702878553
0.0412000000000004 4.29482119410332
0.0413000000000006 4.36378868383393
0.0414000000000004 4.37944392022735
0.0415000000000003 4.26911678590756
0.0416000000000005 4.38104096708779
0.0417000000000004 4.32812596174247
0.0418000000000005 4.35894120531434
0.0419000000000004 4.34215383398133
0.0420000000000003 4.31818534390474
0.0421000000000005 4.45431212905093
0.0422000000000004 4.35059783516915
0.0423000000000005 4.47675422609078
0.0424000000000004 4.35514137467186
0.0425000000000004 4.42616302283523
0.0426000000000005 4.41043549354703
0.0427000000000003 4.37820087890725
0.0428000000000005 4.44121434476103
0.0429000000000004 4.38054284466873
0.0430000000000005 4.47797648296182
0.0431000000000004 4.45097590328563
0.0432000000000003 4.45696322951341
0.0433000000000005 4.48495932407181
0.0434000000000004 4.44148089729535
0.0435000000000005 4.51986111781427
0.0436000000000004 4.45851935891267
0.0437000000000004 4.50833269339321
0.0438000000000005 4.52279100994813
0.0439000000000003 4.47228112167949
0.0440000000000005 4.62738451262457
0.0441000000000004 4.47808193826056
0.0442000000000006 4.6339222438299
0.0443000000000004 4.5350849540687
0.0444000000000003 4.47079333987321
0.0445000000000005 4.57943400646045
0.0446000000000004 4.44501842383369
0.0447000000000005 4.59413537754433
0.0448000000000004 4.56307281198194
0.0449000000000004 4.61992337501463
0.0450000000000005 4.64073026422598
0.0451000000000003 4.60694583863889
0.0452000000000005 4.7148991395684
0.0453000000000004 4.54340026815577
0.0454000000000006 4.60505987487883
0.0455000000000004 4.55065065860222
0.0456000000000003 4.56163217892812
0.0457000000000005 4.63197340418261
0.0458000000000004 4.60683571041509
0.0459000000000005 4.68314792840014
0.0460000000000004 4.6672019653657
0.0461000000000003 4.67422831351176
0.0462000000000005 4.64749633745754
0.0463000000000003 4.63774368042594
0.0464000000000005 4.72672818629188
0.0465000000000004 4.61472230306254
0.0466000000000006 4.69506226019721
0.0467000000000004 4.65782226230619
0.0468000000000003 4.74725119143098
0.0469000000000005 4.74337686963348
0.0470000000000004 4.70976223974635
0.0471000000000005 4.77779301604923
0.0472000000000004 4.72298758497788
0.0473000000000003 4.73490167420251
0.0474000000000005 4.75217228743959
0.0475000000000004 4.69412376535767
0.0476000000000005 4.7931482867075
0.0477000000000004 4.76634062440143
0.0478000000000006 4.84105229860423
0.0479000000000004 4.80365740464374
0.0480000000000003 4.75060203586055
0.0481000000000005 4.79319921557421
0.0482000000000004 4.73219721451001
0.0483000000000005 4.85825197230308
0.0484000000000004 4.77327178481851
0.0485000000000003 4.8112803459711
0.0486000000000005 4.86179193046713
0.0487000000000004 4.78023878461911
0.0488000000000005 4.87702776307733
0.0489000000000004 4.85575962202731
0.0490000000000004 4.90495832139535
0.0491000000000005 4.87094237260822
0.0492000000000003 4.80389207850973
0.0493000000000005 4.87921904873831
0.0494000000000004 4.76820320129275
0.0495000000000006 4.86854896007191
0.0496000000000004 4.81803890298713
0.0497000000000003 4.8493927456215
0.0498000000000005 4.96566788343353
0.0499000000000004 4.87058724543742
0.0500000000000005 4.94699458907836
0.0501000000000004 4.85767060839996
0.0502000000000004 4.88095461270126
0.0503000000000005 4.90851051683474
0.0504000000000003 4.87289730121359
0.0505000000000005 4.92774123524037
0.0506000000000004 4.88954697401335
0.0507000000000006 4.96023605984172
0.0508000000000004 4.89741618712283
0.0509000000000003 4.9710712592025
0.0510000000000005 4.91820116472566
0.0511000000000004 4.91660854189901
0.0512000000000005 4.99702834455203
0.0513000000000004 4.95313879345437
0.0514000000000004 4.96553398244937
0.0515000000000005 4.98294945541099
0.0516000000000003 4.95834580127257
0.0517000000000005 5.00099853543678
0.0518000000000004 4.91635357491212
0.0519000000000006 5.03270906126257
0.0520000000000004 5.00196370191699
0.0521000000000003 5.08864181417205
0.0522000000000005 5.07719330790905
0.0523000000000004 5.02570739765084
0.0524000000000005 5.06529687345514
0.0525000000000004 4.96011169868376
0.0526000000000003 5.00230539753623
0.0527000000000005 4.97822725308679
0.0528000000000004 5.0348302146948
0.0529000000000005 5.13157898732333
0.0530000000000004 5.08802674686843
0.0531000000000006 5.12864790111187
0.0532000000000004 5.10872623498023
0.0533000000000003 5.07492673140905
0.0534000000000005 5.11056626817847
0.0535000000000004 5.00108153970377
0.0536000000000005 5.04090508958119
0.0537000000000004 5.02977325216463
0.0538000000000003 5.12952760489067
0.0539000000000005 5.16167450116571
0.0540000000000004 5.13321765052835
0.0541000000000005 5.18285713669294
0.0542000000000004 5.11837700559716
0.0543000000000006 5.13686491122263
0.0544000000000005 5.1408357339252
0.0545000000000003 5.10594064496517
0.0546000000000005 5.10753199151834
0.0547000000000004 5.15294248529046
0.0548000000000005 5.22927856279065
0.0549000000000004 5.19345273418376
0.0550000000000003 5.21886953294978
0.0551000000000005 5.1964588575757
0.0552000000000004 5.16315414800496
0.0553000000000005 5.1477707623151
0.0554000000000004 5.13214539372467
0.0555000000000004 5.20933658988117
0.0556000000000005 5.2217834654248
0.0557000000000003 5.23097253100034
0.0558000000000005 5.25014951642637
0.0559000000000004 5.20357468570727
0.0560000000000005 5.21876414987513
0.0561000000000004 5.18220961052433
0.0562000000000003 5.13819042186564
0.0563000000000005 5.25925630845753
0.0564000000000004 5.20626095983601
0.0565000000000005 5.37802039891632
0.0566000000000004 5.30025997381516
0.0567000000000004 5.28515058590618
0.0568000000000005 5.27793423600153
0.0569000000000003 5.17336412377367
0.0570000000000005 5.22067663122839
0.0571000000000004 5.17957372361006
0.0572000000000006 5.28136450107844
0.0573000000000004 5.31711889973875
0.0574000000000003 5.34021976304862
0.0575000000000005 5.37126412966175
0.0576000000000004 5.29688606791547
0.0577000000000005 5.3363732535416
0.0578000000000004 5.25369081542349
0.0579000000000003 5.21264629479368
0.0580000000000005 5.31851615623778
0.0581000000000004 5.2835219404651
0.0582000000000005 5.39980095386966
0.0583000000000004 5.37048205357005
0.0584000000000006 5.40585816199801
0.0585000000000004 5.39650901943383
0.0586000000000003 5.34320305191774
0.0587000000000005 5.29733412946967
0.0588000000000004 5.27581852992067
0.0589000000000005 5.34326721704088
0.0590000000000004 5.35338245488818
0.0591000000000003 5.4213095761692
0.0592000000000005 5.42116888465214
0.0593000000000004 5.36628504682731
0.0594000000000005 5.32000812291509
0.0595000000000004 5.29586950521511
0.0596000000000006 5.34053795828812
0.0597000000000004 5.32943159738736
0.0598000000000003 5.40477533354446
0.0599000000000005 5.40967366958254
0.0600000000000004 5.42596590093586
0.0601000000000005 5.44433942065424
0.0602000000000004 5.40101372105957
0.0603000000000003 5.42790054694129
0.0604000000000005 5.40771117049159
0.0605000000000004 5.34391769965688
0.0606000000000005 5.39035145138354
0.0607000000000004 5.4268014561257
0.0608000000000006 5.43650870467528
0.0609000000000005 5.39712871839326
0.0610000000000003 5.46633611442257
0.0611000000000005 5.477741351199
0.0612000000000004 5.45238610059226
0.0613000000000005 5.41659655827497
0.0614000000000004 5.4864163561808
0.0615000000000003 5.4638733583039
0.0616000000000005 5.43904556132836
0.0617000000000004 5.48561480516925
0.0618000000000005 5.4786734353981
0.0619000000000004 5.50344877985021
0.0620000000000004 5.41602170864931
0.0621000000000005 5.5148542330842
0.0622000000000003 5.46638418354579
0.0623000000000005 5.50572847205718
0.0624000000000004 5.5410462877979
0.0625000000000006 5.45088923313198
0.0626000000000004 5.51847352034897
0.0627000000000003 5.43684144679056
0.0628000000000005 5.52108175073924
0.0629000000000004 5.55998040476877
0.0630000000000005 5.46778496877384
0.0631000000000004 5.57053227671422
0.0632000000000004 5.44064815480635
0.0633000000000005 5.47971266508483
0.0634000000000003 5.52693508854975
0.0635000000000005 5.46933312302316
0.0636000000000004 5.52457234374947
0.0637000000000006 5.50959182199206
0.0638000000000004 5.50290556765803
0.0639000000000003 5.54490170001047
0.0640000000000005 5.46105507810292
0.0641000000000004 5.54176344715044
0.0642000000000005 5.50921086660984
0.0643000000000004 5.45400486136732
0.0644000000000003 5.55668620903157
0.0645000000000005 5.43595027365852
0.0646000000000004 5.53720167407445
0.0647000000000005 5.57551966483818
0.0648000000000004 5.5218941735094
0.0649000000000006 5.60820129731962
0.0650000000000004 5.49097850072134
0.0651000000000003 5.55063021693915
0.0652000000000005 5.49304884878607
0.0653000000000004 5.49668140416241
0.0654000000000005 5.61255834897374
0.0655000000000004 5.55195843208534
0.0656000000000003 5.5888622271697
0.0657000000000005 5.569282060767
0.0658000000000004 5.61002500421187
0.0659000000000005 5.61939926722325
0.0660000000000004 5.48446509662012
0.0661000000000006 5.59025644964505
0.0662000000000005 5.54115155679885
0.0663000000000003 5.51802430096394
0.0664000000000005 5.69483091134798
0.0665000000000004 5.56642051207583
0.0666000000000005 5.66395686538877
0.0667000000000004 5.5819198769294
0.0668000000000003 5.57349490755817
0.0669000000000005 5.59720498729912
0.0670000000000004 5.52924402842749
0.0671000000000005 5.62040449760675
0.0672000000000004 5.60554203909307
0.0673000000000004 5.63733224935437
0.0674000000000005 5.68921626346405
0.0675000000000003 5.62089380236247
0.0676000000000005 5.65416753675845
0.0677000000000004 5.64382491016471
0.0678000000000006 5.58680947499948
0.0679000000000004 5.57144799915575
0.0680000000000003 5.63740579401292
0.0681000000000005 5.67531604708577
0.0682000000000004 5.6987882312595
0.0683000000000005 5.64252071684774
0.0684000000000004 5.67402646672035
0.0685000000000004 5.60919330378832
0.0686000000000005 5.57290146776651
0.0687000000000003 5.5666140519655
0.0688000000000005 5.56886166357164
0.0689000000000004 5.60020712686107
0.0690000000000006 5.65731925269848
0.0691000000000004 5.64509718135576
0.0692000000000003 5.62973079996516
0.0693000000000005 5.67041771277481
0.0694000000000004 5.65431584987416
0.0695000000000005 5.61925115961402
0.0696000000000004 5.67308248504343
0.0697000000000004 5.63037811231525
0.0698000000000005 5.64902697426884
0.0699000000000004 5.66886023288411
0.0700000000000005 5.72305431688527
0.0701000000000004 5.70273309961923
0.0702000000000006 5.69835353765116
0.0703000000000004 5.59933265612886
0.0704000000000003 5.58528301597029
0.0705000000000005 5.66108990100427
0.0706000000000004 5.59217374710928
0.0707000000000005 5.70492843027988
0.0708000000000004 5.66391115370258
0.0709000000000003 5.69756411234738
0.0710000000000005 5.65129867325857
0.0711000000000004 5.49806699501257
0.0712000000000005 5.53260603943002
0.0713000000000004 5.26974027668852
0.0714000000000006 5.08023783015604
0.0715000000000005 4.77486537121619
0.0716000000000003 4.38966799743405
0.0717000000000005 4.17524814051882
0.0718000000000004 3.77354304865317
0.0719000000000005 3.41868846060853
