# Fix print output for fix out1
2.86362275144179e-15 0.369053231635987
0.000400000000007104 0.518818821282823
0.000800000000006452 0.631787242161802
0.00120000000001045 0.699705891119068
0.00160000000001374 0.703250350578539
0.00200000000001416 0.731374195953552
0.00240000000001673 0.761741287141212
0.00280000000001799 0.761702970928015
0.00320000000002247 0.764022402696891
0.00360000000002217 0.830095813335966
0.00400000000002546 0.848266903392845
0.00440000000002851 0.845610128543344
0.00480000000003024 0.88615910665375
0.00520000000003293 0.928714205570281
0.00560000000003395 0.936161827776728
0.00600000000003724 0.98824266882933
0.0064000000000373 1.0433702631746
0.00680000000004178 1.07949604387917
0.00720000000004268 1.13320000281056
0.00760000000004573 1.1811726002553
0.00800000000004865 1.2522139965756
0.00840000000004884 1.27044518161889
0.00880000000005308 1.31310995607695
0.00920000000005266 1.36302983178986
0.00960000000005798 1.41397840190191
0.0100000000000568 1.47574299835395
0.0104000000000628 1.53736795516172
0.0108000000000637 1.56153098269936
0.0112000000000641 1.59430455624461
0.011600000000069 1.66613142741657
0.0120000000000692 1.69682324324837
0.0124000000000735 1.71527562239886
0.0128000000000729 1.70317175085584
0.0132000000000769 1.69309602334718
0.01360000000008 1.74253923779088
0.0140000000000803 1.76575533377432
0.0144000000000832 1.78493105891861
0.0148000000000846 1.8218285530731
0.0152000000000879 1.83206563165758
0.0156000000000884 1.85702536525886
0.0160000000000912 1.89788505894101
0.016400000000095 1.92915609738605
0.0168000000000965 1.96911923556718
0.0172000000000993 2.00072205470678
0.0176000000000997 2.04775483520844
0.0180000000001035 2.08693431301296
0.0184000000001035 2.14638458891095
0.0188000000001085 2.18307626003894
0.0192000000001093 2.22647694336915
0.0196000000001127 2.27539618322326
0.0200000000001156 2.32388221774995
0.0204000000001152 2.37419676307894
0.0208000000001193 2.40994025527604
0.0212000000001194 2.44872987914457
0.021600000000124 2.51669978170307
0.0220000000001237 2.52825184042803
0.0224000000001286 2.56637369092458
0.0228000000001305 2.5638690719472
0.0232000000001308 2.58459137982139
0.0236000000001349 2.6105859945464
0.0240000000001358 2.61522858772609
0.0244000000001396 2.65310409063845
0.0248000000001402 2.69170163808337
0.0252000000001417 2.70509456467749
0.0256000000001459 2.72536802203519
0.0260000000001471 2.73296650280271
0.0264000000001504 2.7620413618089
0.0268000000001512 2.77725717772891
0.0272000000001542 2.82465010536962
0.0276000000001554 2.83685964804926
0.028000000000157 2.89105758164101
0.0284000000001606 2.91754665829761
0.0288000000001631 2.94909554132288
0.0292000000001665 2.98343632977981
0.0296000000001656 3.05387117280208
0.030000000000169 3.07737271037804
0.0304000000001706 3.12122197755714
0.0308000000001734 3.1442309805373
0.0312000000001755 3.21130580186932
0.0316000000001781 3.23755381323321
0.032000000000182 3.29125144917072
0.0324000000001811 3.33269697117919
0.0328000000001852 3.34169806089977
0.0332000000001851 3.34938943468743
0.0336000000001897 3.39531597690143
0.0340000000001892 3.37770006637905
0.0344000000001944 3.40010085902438
0.0348000000001957 3.41889093789984
0.0352000000001966 3.44755376740553
0.0356000000002002 3.45788018473476
0.0360000000002011 3.49560520985095
0.0364000000002045 3.5202818933692
0.0368000000002056 3.50645780315815
0.0372000000002083 3.51896683447343
0.0376000000002115 3.54543850471181
0.0380000000002125 3.56364704833417
0.0384000000002148 3.58617640983653
0.0388000000002157 3.6324999142468
0.0392000000002187 3.64529354596906
0.0396000000002204 3.703565175855
0.0400000000002206 3.75207665543197
0.040400000000224 3.78706643290639
0.0408000000002237 3.84055631588012
0.0412000000002256 3.86531958457271
0.0416000000002217 3.90205157242678
0.0420000000002225 3.94576849022167
0.0424000000002192 3.96719168173217
0.0428000000002193 4.02586632889139
0.0432000000002138 4.0618758219015
0.0436000000002131 4.09019108309488
0.0440000000002086 4.12154642682124
0.044400000000205 4.16134485273076
0.0448000000002006 4.14045770967766
0.0452000000001978 4.15587917907299
0.0456000000001938 4.16499135579698
0.0460000000001895 4.15082923977911
0.046400000000187 4.19508489569237
0.0468000000001829 4.20810086141078
0.047200000000179 4.22460112597634
0.047600000000175 4.22880808949497
0.0480000000001722 4.2710030706461
0.0484000000001674 4.25270567546031
0.0488000000001644 4.23150524132359
0.0492000000001594 4.23833805532707
0.0496000000001566 4.25522733326786
0.0500000000001529 4.2611255988176
0.0504000000001496 4.28351830587743
0.0508000000001449 4.34217006092856
0.0512000000001426 4.39356075027278
0.0516000000001367 4.43685542242429
0.0520000000001343 4.45453953741052
0.0524000000001284 4.49111895175124
0.0528000000001283 4.48258890012009
0.0532000000001216 4.50428850387176
0.0536000000001186 4.54739844199322
0.054000000000113 4.5683398487495
0.0544000000001113 4.62050969684574
0.0548000000001062 4.60999169439993
0.0552000000001029 4.62951278962619
0.0556000000000994 4.61162935213382
0.0560000000000954 4.62845994362749
0.0564000000000904 4.6143051756807
0.0568000000000869 4.5868490078895
0.0572000000000824 4.52214088943048
0.0576000000000773 4.4706698430097
0.0580000000000697 4.44246153804396
0.0584000000000662 4.36752100722336
0.0588000000000555 4.29325794341822
0.0592000000000513 4.2118090249065
0.0596000000000392 4.09948763930981
0.0600000000000333 3.921644289229
0.0604000000000207 3.71764805471808
0.0608000000000133 3.46547930676287
0.0612000000000012 3.20879312095387
0.0615999999999934 2.91318268925994
0.0619999999999815 2.59072548830781
0.0623999999999723 2.25676349383977
0.0627999999999619 1.87664959097744
0.0631999999999533 1.47577441483807
0.0635999999999424 1.09679396828594
0.063999999999933 0.683833801156394
0.0643999999999232 0.313993012055758
0.0647999999999126 -0.0365907059293365
