# Fix print output for fix out1
-4.75924979835532e-15 -0.00120666484069489
9.99999999952695e-05 0.00991457037203499
0.000199999999995298 0.0221463191081297
0.000299999999995327 0.0529104489540818
0.000399999999995356 0.0738195351083382
0.000499999999995105 0.0864207188694617
0.000599999999995134 0.102320503926697
0.000699999999995162 0.0832503214304974
0.000799999999995191 0.0771146702649209
0.00089999999999522 0.0667928795141548
0.000999999999995249 0.0586705925462179
0.00109999999999528 0.0756359153504595
0.00119999999999531 0.0978834582458468
0.00129999999999533 0.135671802380857
0.00139999999999536 0.155481864381338
0.00149999999999511 0.181237366071209
0.00159999999999514 0.17318122186892
0.00169999999999517 0.166996437192611
0.0017999999999952 0.15007058821042
0.00189999999999523 0.130978636133214
0.00199999999999526 0.145297268944544
0.00209999999999529 0.147197224393265
0.00219999999999531 0.172445255994115
0.00229999999999534 0.204827461840613
0.00239999999999509 0.224420901379613
0.00249999999999512 0.236144778594055
0.00259999999999515 0.242337090826055
0.00269999999999518 0.245770467907953
0.00279999999999521 0.238161232620101
0.00289999999999524 0.225683214932786
0.00299999999999526 0.216881356004306
0.00309999999999529 0.212780698402428
0.00319999999999532 0.234069203659129
0.00329999999999535 0.2659798603423
0.0033999999999951 0.303268611766237
0.00349999999999513 0.317513223604457
0.00359999999999516 0.325988955228825
0.00369999999999519 0.324843887237538
0.00379999999999521 0.318276866525654
0.00389999999999524 0.321699807336464
0.00399999999999527 0.3145728232473
0.0040999999999953 0.312912381562521
0.00419999999999533 0.318264040995149
0.00429999999999536 0.334443064062069
0.00439999999999511 0.368756507309986
0.00449999999999514 0.393806747055713
0.00459999999999517 0.410076961918962
0.00469999999999519 0.413902992153701
0.00479999999999522 0.402942240070411
0.00489999999999525 0.401654431615827
0.00499999999999528 0.389640153384643
0.00509999999999531 0.395958070508574
0.00519999999999534 0.403526130297982
0.00529999999999509 0.42082864927596
0.00539999999999512 0.443785890204643
0.00549999999999514 0.451801870485859
0.00559999999999517 0.478631165567704
0.0056999999999952 0.48366402668121
0.00579999999999523 0.479238405084635
0.00589999999999526 0.467127675591587
0.00599999999999529 0.4642195482261
0.00609999999999532 0.459063030194779
0.00619999999999535 0.479931983871639
0.00629999999999509 0.509485635124655
0.00639999999999512 0.524978333370146
0.00649999999999515 0.555603438811703
0.00659999999999518 0.552862459088419
0.00669999999999521 0.549942705828609
0.00679999999999524 0.553757647538408
0.00689999999999527 0.559748176484328
0.0069999999999953 0.553141613363312
0.00709999999999532 0.554348076029282
0.00719999999999507 0.571691089084138
0.0072999999999951 0.58633913650866
0.00739999999999513 0.608094416428925
0.00749999999999516 0.633799691490732
0.00759999999999519 0.645503412988088
0.00769999999999522 0.644843005954468
0.00779999999999525 0.639928949666477
0.00789999999999528 0.641218110737753
0.0079999999999953 0.6305414501436
0.00809999999999533 0.630809304979517
0.00819999999999508 0.636427818640166
0.00829999999999511 0.655423321409513
0.00839999999999514 0.673717756997653
0.00849999999999517 0.695310631206689
0.0085999999999952 0.711493036365931
0.00869999999999523 0.718038505989431
0.00879999999999525 0.72061790679625
0.00889999999999528 0.718809652861845
0.00899999999999531 0.723817431179505
0.00909999999999506 0.719453416237158
0.00919999999999509 0.725718565816732
0.00929999999999512 0.73236378387635
0.00939999999999515 0.753802923821747
0.00949999999999518 0.768518854912743
0.0095999999999952 0.787023141554571
0.00969999999999523 0.797484544167693
0.00979999999999526 0.794812907560642
0.00989999999999529 0.803518678682583
0.00999999999999532 0.799197793767126
0.0100999999999951 0.802524581308998
0.0101999999999951 0.816046176291069
0.0102999999999951 0.819761509863101
0.0103999999999952 0.835191231905
0.0104999999999952 0.85720734210458
0.0105999999999952 0.86522615661499
0.0106999999999952 0.864712868774481
0.0107999999999953 0.882007616832857
0.0108999999999953 0.880536221427463
0.0109999999999952 0.878773472333475
0.0110999999999951 0.876552871003526
0.0111999999999951 0.895940039101785
0.0112999999999951 0.912707370809002
0.0113999999999952 0.917877573673889
0.0114999999999952 0.920966351689731
0.0115999999999952 0.929156589616534
0.0116999999999952 0.93945766248374
0.0117999999999953 0.950944179340702
0.0118999999999953 0.957222136757576
0.0119999999999951 0.963461120075159
0.0120999999999951 0.971029165006026
0.0121999999999951 0.979538839560537
0.0122999999999951 0.992834252137488
0.0123999999999952 0.994750088913354
0.0124999999999952 1.00452548178958
0.0125999999999952 1.02735069767681
0.0126999999999953 1.03644229070226
0.0127999999999953 1.04999273661521
0.0128999999999952 1.05130202618664
0.0129999999999951 1.05219201027114
0.0130999999999951 1.05229772218565
0.0131999999999951 1.06762127753971
0.0132999999999951 1.07890052350966
0.0133999999999952 1.07913814202254
0.0134999999999952 1.09354754160277
0.0135999999999952 1.1143344517306
0.0136999999999953 1.12847143108674
0.0137999999999953 1.14252460867552
0.013899999999995 1.13186502411634
0.0139999999999951 1.1251421397579
0.0140999999999951 1.1229003647488
0.0141999999999951 1.13239953612373
0.0142999999999952 1.14028892159195
0.0143999999999952 1.15729121850931
0.0144999999999952 1.17989244795554
0.0145999999999952 1.19288821503254
0.0146999999999953 1.20961215562308
0.0147999999999953 1.21190145436877
0.014899999999995 1.21069202297493
0.0149999999999951 1.19492201765813
0.0150999999999951 1.18903611843642
0.0151999999999951 1.2145567467421
0.0152999999999952 1.23473840527314
0.0153999999999952 1.25374095036973
0.0154999999999952 1.27427184766924
0.0155999999999953 1.2764689450126
0.0156999999999953 1.28520588982546
0.015799999999995 1.28621666206639
0.0158999999999951 1.2813147873751
0.0159999999999951 1.27977934787851
0.0160999999999951 1.29630129951472
0.0161999999999951 1.30841743747237
0.0162999999999952 1.32333989239237
0.0163999999999952 1.34397610191451
0.0164999999999952 1.35791149037769
0.0165999999999953 1.36583918803324
0.0166999999999953 1.36249495928839
0.016799999999995 1.34506554823869
0.0168999999999951 1.35524432158448
0.0169999999999951 1.36250641978095
0.0170999999999951 1.37453310061175
0.0171999999999952 1.39987954788227
0.0172999999999952 1.42640555432369
0.0173999999999952 1.44210432940813
0.0174999999999952 1.43431398444278
0.0175999999999953 1.42863127315614
0.017699999999995 1.43415282254108
0.017799999999995 1.43960125893691
0.0178999999999951 1.44003522499727
0.0179999999999951 1.45032137254484
0.0180999999999951 1.46799116508586
0.0181999999999952 1.48863709614394
0.0182999999999952 1.50797067971075
0.0183999999999952 1.51421314170834
0.0184999999999952 1.51531677896889
0.0185999999999953 1.51542062844525
0.018699999999995 1.52302466218365
0.0187999999999951 1.5140443170019
0.0188999999999951 1.53032239126619
0.0189999999999951 1.53418154055761
0.0190999999999951 1.55441624745498
0.0191999999999952 1.56918992691817
0.0192999999999952 1.59220585705131
0.0193999999999952 1.60104104299708
0.0194999999999953 1.59253215028038
0.019599999999995 1.59078055693971
0.019699999999995 1.58493666721908
0.0197999999999951 1.59344661825561
0.0198999999999951 1.60585585797087
0.0199999999999951 1.63181889857743
0.0200999999999951 1.64658028064614
0.0201999999999952 1.66885486150214
0.0202999999999952 1.66672857517717
0.0203999999999952 1.67399261373749
0.0204999999999953 1.66181603341618
0.020599999999995 1.67548479862531
0.020699999999995 1.67511886551865
0.0207999999999951 1.69016040180932
0.0208999999999951 1.70515095429455
0.0209999999999951 1.74067580380723
0.0210999999999952 1.75088301017368
0.0211999999999952 1.75527721296706
0.0212999999999952 1.75592956652526
0.0213999999999952 1.74402310246576
0.0214999999999953 1.72836195523979
0.021599999999995 1.73962573374682
0.021699999999995 1.7617261413997
0.0217999999999951 1.78502192256116
0.0218999999999951 1.79549362935879
0.0219999999999951 1.80574733678765
0.0220999999999952 1.81897166463431
0.0221999999999952 1.83162745011833
0.0222999999999952 1.83038262235095
0.0223999999999953 1.82355352691274
0.022499999999995 1.82155642615508
0.022599999999995 1.81829965687159
0.0226999999999951 1.84379524851222
0.0227999999999951 1.87261556886733
0.0228999999999951 1.90524975419235
0.0229999999999951 1.90873534044471
0.0230999999999952 1.91377464578877
0.0231999999999952 1.90305718738971
0.0232999999999952 1.90601200981223
0.0233999999999953 1.9051382725394
0.023499999999995 1.90967492282708
0.023599999999995 1.9208308293699
0.0236999999999951 1.92779396782143
0.0237999999999951 1.96535881231898
0.0238999999999951 1.99344986679845
0.0239999999999952 2.0082908860905
0.0240999999999952 1.99639398445888
0.0241999999999952 1.98611002162398
0.0242999999999952 1.98258221580389
0.024399999999995 1.98911667391029
0.024499999999995 2.00121400503317
0.024599999999995 2.02559413956358
0.0246999999999951 2.03647471764157
0.0247999999999951 2.04594274289646
0.0248999999999951 2.05830508625578
0.0249999999999952 2.06114548555335
0.0250999999999952 2.0656790584789
0.0251999999999952 2.06608316236623
0.0252999999999952 2.07962643678147
0.025399999999995 2.08271520879756
0.025499999999995 2.08959050722684
0.0255999999999951 2.10885402925413
0.0256999999999951 2.11893539144148
0.0257999999999951 2.12945618692183
0.0258999999999951 2.13402956116603
0.0259999999999952 2.14837867715836
0.0260999999999952 2.14834196402792
0.0261999999999952 2.1473360259459
0.0262999999999951 2.15300036243253
0.026399999999995 2.1614917500521
0.026499999999995 2.1741518040604
0.0265999999999951 2.21166243979209
0.0266999999999951 2.23427788398676
0.0267999999999951 2.23968433262009
0.0268999999999951 2.24534703305714
0.0269999999999952 2.22234612967785
0.0270999999999952 2.2136680233945
0.0271999999999952 2.21480355614138
0.027299999999995 2.23084975793092
0.027399999999995 2.26183328824704
0.027499999999995 2.28337633390413
0.0275999999999951 2.29815396302275
0.0276999999999951 2.29551141704478
0.0277999999999951 2.30343509064126
0.0278999999999952 2.30032310117638
0.0279999999999952 2.30023327245116
0.0280999999999952 2.29006538972714
0.0281999999999951 2.30700663724465
0.028299999999995 2.32369107311668
0.028399999999995 2.3454877184366
0.028499999999995 2.37102403703223
0.0285999999999951 2.38177511665564
0.0286999999999951 2.38276982768158
0.0287999999999951 2.37212963935013
0.0288999999999952 2.37204463010828
0.0289999999999952 2.36754906779057
0.0290999999999952 2.3712406964071
0.029199999999995 2.38365572558732
0.029299999999995 2.41803479566144
0.029399999999995 2.44954524298256
0.0294999999999951 2.47112002775922
0.0295999999999951 2.47494973547233
0.0296999999999951 2.45962429719029
0.0297999999999951 2.44760041534924
0.0298999999999952 2.45210952911382
0.0299999999999952 2.45516787977405
0.0300999999999951 2.47347550221265
0.030199999999995 2.48618412699253
0.030299999999995 2.51508766515106
0.030399999999995 2.52961003147642
0.0304999999999951 2.54702180305478
0.0305999999999951 2.54235785501736
0.0306999999999951 2.53177507241355
0.0307999999999951 2.52111866162119
0.0308999999999952 2.52085328659942
0.0309999999999952 2.53976163621968
0.031099999999995 2.57332914003676
0.031199999999995 2.5965873072181
0.031299999999995 2.61521227332083
0.031399999999995 2.61040946618674
0.0314999999999951 2.61399434354874
0.0315999999999951 2.60607919480205
0.0316999999999951 2.59733810215639
0.0317999999999952 2.60352975134081
0.0318999999999952 2.62947114504706
0.0319999999999952 2.672901760539
0.032099999999995 2.68467120607518
0.032199999999995 2.70464298121554
0.032299999999995 2.69869055053372
0.032399999999995 2.67806583018664
0.0324999999999951 2.66298887851335
0.0325999999999951 2.66967574666241
0.0326999999999951 2.69276172673346
0.0327999999999952 2.71290646152095
0.0328999999999952 2.74024951076511
0.0329999999999951 2.76772633762263
0.033099999999995 2.76778472027626
0.033199999999995 2.76074157357227
0.033299999999995 2.75054781313109
0.0333999999999951 2.74524314553313
0.0334999999999951 2.74490355234288
0.0335999999999951 2.75861998243915
0.0336999999999951 2.78761573863619
0.0337999999999952 2.82549980240034
0.0338999999999952 2.85608630726243
0.0339999999999949 2.84477045021672
0.034099999999995 2.83556784381295
0.034199999999995 2.83379241193559
0.034299999999995 2.84247077024982
0.0343999999999951 2.83416148922373
0.0344999999999951 2.84118138338984
0.0345999999999951 2.86230029602585
0.0346999999999952 2.88147068098247
0.0347999999999952 2.90839732239889
0.0348999999999951 2.94021558705201
0.034999999999995 2.94062234419462
0.035099999999995 2.92625443954625
0.035199999999995 2.90545375793525
0.035299999999995 2.90341130768335
0.0353999999999951 2.90842958487955
0.0354999999999951 2.93317365093057
0.0355999999999951 2.96151779647955
0.0356999999999952 2.99157361684381
0.0357999999999952 2.99855871788334
0.0358999999999949 3.00162183498135
0.035999999999995 2.99090995498187
0.036099999999995 2.97510073522235
0.036199999999995 2.97056767685174
0.0362999999999951 2.98677962208947
0.0363999999999951 3.02682878315714
0.0364999999999951 3.04445594720834
0.0365999999999951 3.05836975616559
0.0366999999999952 3.06377903956535
0.0367999999999951 3.06896314050098
0.0368999999999949 3.07043259880834
0.036999999999995 3.06418859824678
0.037099999999995 3.06721859550845
0.037199999999995 3.07318347695748
0.0372999999999951 3.09254494385043
0.0373999999999951 3.11658470213163
0.0374999999999951 3.1417050403542
0.0375999999999951 3.14969151415654
0.0376999999999952 3.15513596097255
0.0377999999999949 3.13821208874665
0.037899999999995 3.13686094812525
0.037999999999995 3.13469632176375
0.038099999999995 3.15327539573189
0.038199999999995 3.17862915989763
0.0382999999999951 3.20382592750055
0.0383999999999951 3.22437479440094
0.0384999999999951 3.22598125201805
0.0385999999999952 3.22035817591228
0.0386999999999952 3.21855772022937
0.0387999999999949 3.2015468650769
0.038899999999995 3.20462190301785
0.038999999999995 3.22981220197787
0.039099999999995 3.25826800060029
0.039199999999995 3.27305918611319
0.0392999999999951 3.29581668199092
0.0393999999999951 3.29286053179785
0.0394999999999951 3.28265968108225
0.0395999999999952 3.27806454689853
0.0396999999999949 3.28865925921127
0.0397999999999949 3.2994234304505
0.039899999999995 3.31525808420589
0.039999999999995 3.34673306623523
0.040099999999995 3.37558506135456
0.0401999999999951 3.37505491621528
0.0402999999999951 3.36920836397436
0.0403999999999951 3.35071805474274
0.0404999999999951 3.34255720277652
0.0405999999999952 3.36420498601252
0.0406999999999949 3.38333388918146
0.0407999999999949 3.39336689912396
0.040899999999995 3.42537226223551
0.040999999999995 3.44635758249951
0.041099999999995 3.44443229044979
0.0411999999999951 3.44030577871421
0.0412999999999951 3.42738839057756
0.0413999999999951 3.41743248386612
0.0414999999999951 3.43374794026347
0.041599999999995 3.44673481080536
0.0416999999999949 3.47855613391173
0.041799999999995 3.51543931521747
0.041899999999995 3.52795626415167
0.041999999999995 3.52484751600368
0.042099999999995 3.51130814007761
0.0421999999999951 3.50315468151549
0.0422999999999951 3.4984479920746
0.0423999999999951 3.5163585240658
0.0424999999999952 3.53061849374819
0.0425999999999949 3.55798818991445
0.0426999999999949 3.57878666459517
0.042799999999995 3.59436198576568
0.042899999999995 3.59714878756249
0.042999999999995 3.58488716340608
0.043099999999995 3.58675185157078
0.0431999999999951 3.5881302149945
0.0432999999999951 3.58470814371104
0.0433999999999951 3.61620669196041
0.043499999999995 3.63588355297156
0.0435999999999949 3.65403080770462
0.0436999999999949 3.65875578479947
0.043799999999995 3.65527611869183
0.043899999999995 3.66752798816568
0.043999999999995 3.66449987173423
0.0440999999999951 3.66737674402351
0.0441999999999951 3.67734653718521
0.0442999999999951 3.68351138956635
0.0443999999999951 3.70827414443626
0.0444999999999949 3.72025651581853
0.0445999999999949 3.74264868809148
0.0446999999999949 3.74901450877496
0.044799999999995 3.73471331612265
0.044899999999995 3.73967143244905
0.044999999999995 3.73363987718363
0.0450999999999951 3.75367221797714
0.0451999999999951 3.75927672162557
0.0452999999999951 3.77690388772965
0.045399999999995 3.80372633186521
0.0454999999999949 3.81014094903865
0.0455999999999949 3.8202843311934
0.045699999999995 3.82613108287741
0.045799999999995 3.81900814677071
0.045899999999995 3.81319611820911
0.045999999999995 3.81360108209075
0.0460999999999951 3.82707131052674
0.0461999999999951 3.84894094939392
0.0462999999999951 3.87470041649177
0.046399999999995 3.89286886355198
0.0464999999999949 3.90192170647076
0.0465999999999949 3.89530392303381
0.046699999999995 3.8941975738993
0.046799999999995 3.90240987976331
0.046899999999995 3.90277771282442
0.0469999999999951 3.91210253742283
0.0470999999999951 3.93557632327578
0.0471999999999951 3.94795706844385
0.047299999999995 3.95480267743025
0.0473999999999949 3.96765784459985
0.0474999999999949 3.96510328732088
0.0475999999999949 3.97752230618241
0.047699999999995 3.9780264887933
0.047799999999995 3.98607184376012
0.047899999999995 3.98085254074161
0.0479999999999951 3.99916541728518
0.0480999999999951 4.01302038787619
0.0481999999999951 4.02510533428956
0.048299999999995 4.04755484639073
0.0483999999999949 4.04602057278807
0.0484999999999949 4.03649251253408
0.048599999999995 4.04264485324924
0.048699999999995 4.04862569975927
0.048799999999995 4.05665261402158
0.048899999999995 4.08391794096013
0.0489999999999951 4.11490036083543
0.0490999999999951 4.11939042404173
0.049199999999995 4.11966048694695
0.0492999999999949 4.1206107940055
0.0493999999999949 4.11404523899116
0.0494999999999949 4.10680784708926
0.049599999999995 4.11412779745184
0.049699999999995 4.12520641260664
0.049799999999995 4.16903799048629
0.049899999999995 4.1858372957265
0.0499999999999951 4.19742353092709
0.0500999999999951 4.1944986216628
0.050199999999995 4.18277357986983
0.0502999999999949 4.19142769163776
0.0503999999999949 4.19443111401414
0.0504999999999949 4.19263456989731
0.050599999999995 4.20818657515927
0.050699999999995 4.24465734072877
0.050799999999995 4.25986309986713
0.0508999999999951 4.27381108189828
0.0509999999999951 4.25950459430865
0.0510999999999951 4.24438762483979
0.0511999999999949 4.2405755278006
0.0512999999999949 4.24695901913475
0.0513999999999949 4.27875573678316
0.0514999999999949 4.31139692323497
0.051599999999995 4.32309152861191
0.051699999999995 4.32288741189158
0.051799999999995 4.32353613264486
0.0518999999999951 4.30888429995569
0.0519999999999951 4.31983686732071
0.052099999999995 4.32894498082412
0.0521999999999949 4.34905556610408
0.0522999999999949 4.38493503041827
0.0523999999999949 4.40541981044259
0.052499999999995 4.39329987818356
0.052599999999995 4.39106808072049
0.052699999999995 4.36743581514048
0.052799999999995 4.37040556975595
0.0528999999999951 4.3901204897479
0.0529999999999951 4.42114080233221
0.0530999999999948 4.44628563072472
0.0531999999999949 4.45987549508844
0.0532999999999949 4.45800715203153
0.0533999999999949 4.43428646214715
0.053499999999995 4.42607813485385
0.053599999999995 4.43287824433742
0.053699999999995 4.45163049853372
0.053799999999995 4.48827850591227
0.0538999999999951 4.51860923144508
0.053999999999995 4.53722052204389
0.0540999999999949 4.53359497851845
0.0541999999999949 4.50758188136302
0.0542999999999949 4.50333791297303
0.0543999999999949 4.50902429442278
0.054499999999995 4.53061839936517
0.054599999999995 4.5470490499401
0.054699999999995 4.57734201216984
0.0547999999999951 4.5684474545828
0.0548999999999951 4.57637207269815
0.0549999999999948 4.59254326010591
0.0550999999999949 4.59126620397453
0.0551999999999949 4.59534295089804
0.0552999999999949 4.59933650558209
0.0553999999999949 4.61013394460053
0.055499999999995 4.61980815233877
0.055599999999995 4.62997028492167
0.055699999999995 4.64115383382094
0.0557999999999951 4.64510621616965
0.055899999999995 4.63883477469825
0.0559999999999948 4.66781223252439
0.0560999999999949 4.66639830490785
0.0561999999999949 4.67016493582964
0.0562999999999949 4.68463001183512
0.056399999999995 4.6827498322243
0.056499999999995 4.69461588892095
0.056599999999995 4.70683671365475
0.056699999999995 4.72294186852522
0.0567999999999951 4.72758437908723
0.056899999999995 4.72673523633534
0.0569999999999948 4.73953883249201
0.0570999999999949 4.74778956258608
0.0571999999999949 4.76216881673845
0.0572999999999949 4.76998881275614
0.057399999999995 4.77030962467756
0.057499999999995 4.7886976214421
0.057599999999995 4.783749709944
0.057699999999995 4.79619959892858
0.0577999999999951 4.80022511517193
0.0578999999999948 4.82736335054812
0.0579999999999949 4.8310519799504
0.0580999999999949 4.82865235044898
0.0581999999999949 4.84745865508721
0.0582999999999949 4.84153970913849
0.058399999999995 4.84856020155509
0.058499999999995 4.85914230543715
0.058599999999995 4.88285738706881
0.0586999999999951 4.8878106966999
0.0587999999999949 4.88457951242388
0.0588999999999948 4.888281948984
0.0589999999999949 4.90028214556529
0.0590999999999949 4.90292877944506
0.0591999999999949 4.90947012142538
0.0592999999999949 4.90723037953165
0.059399999999995 4.94301739183902
0.059499999999995 4.95345435505387
0.059599999999995 4.96800240116734
0.0596999999999951 4.98057088607338
0.0597999999999948 4.96469530480187
0.0598999999999948 4.95943387177202
0.0599999999999949 4.97065858380765
0.0600999999999949 4.97582316582849
0.0601999999999949 4.99092721165589
0.060299999999995 5.0055725756043
0.060399999999995 5.02846205150708
0.060499999999995 5.02660214722168
0.060599999999995 5.03826041603606
0.0606999999999949 5.04257491076871
0.0607999999999948 5.03894246589967
0.0608999999999948 5.03159169347042
0.0609999999999949 5.04604492096882
0.0610999999999949 5.06526984531846
0.0611999999999949 5.07625310329624
0.061299999999995 5.10150112219229
0.061399999999995 5.10186843028292
0.061499999999995 5.09468809892704
0.0615999999999951 5.10085345263542
0.0616999999999949 5.0969059671535
0.0617999999999948 5.10600037643231
0.0618999999999949 5.11825545199928
0.0619999999999949 5.1396204945634
0.0620999999999949 5.16081800935587
0.0621999999999949 5.15475490157654
0.062299999999995 5.15983454049185
0.062399999999995 5.16154102321374
0.062499999999995 5.14800318345853
0.0625999999999949 5.14780508407119
0.0626999999999948 5.17561194969319
0.0627999999999948 5.21357592374296
0.0628999999999949 5.22691184399413
0.0629999999999949 5.22100653196915
0.0630999999999949 5.22009192284858
0.063199999999995 5.21275266278369
0.063299999999995 5.22375654004927
0.063399999999995 5.24601614734335
0.063499999999995 5.24707451287334
0.0635999999999949 5.25177161615797
0.0636999999999948 5.25808969327886
0.0637999999999948 5.27911634235932
0.0638999999999949 5.30203460108102
0.0639999999999949 5.29623604146645
0.0640999999999949 5.30684082850554
0.064199999999995 5.30678077515023
0.064299999999995 5.3011137793729
0.064399999999995 5.32142577890715
0.0644999999999949 5.31973041474484
0.0645999999999948 5.33416762931102
0.0646999999999948 5.36190654683508
0.0647999999999948 5.35285519359139
0.0648999999999949 5.36007266539367
0.0649999999999949 5.35876070360611
0.0650999999999949 5.3399474319346
0.065199999999995 5.3697957977788
0.065299999999995 5.39550990294037
0.065399999999995 5.42679571693083
0.0654999999999949 5.41665682954176
0.0655999999999948 5.41617100276711
0.0656999999999948 5.42335457276435
0.0657999999999949 5.40420109108184
0.0658999999999949 5.40799710248003
0.0659999999999949 5.43653110288728
0.0660999999999949 5.44748894135057
0.066199999999995 5.46224780980203
0.066299999999995 5.48495835519617
0.0663999999999949 5.48840907152008
0.0664999999999949 5.47923256681267
0.0665999999999948 5.47705052437486
0.0666999999999948 5.47564088493334
0.0667999999999949 5.49104162806529
0.0668999999999949 5.51866024577032
0.0669999999999949 5.52532291436655
0.067099999999995 5.53721596349168
0.067199999999995 5.54125281872715
0.067299999999995 5.52893508935685
0.0673999999999949 5.534894748286
0.0674999999999948 5.55720272490536
0.0675999999999948 5.58470701524655
0.0676999999999948 5.59099637112982
0.0677999999999949 5.58361231931954
0.0678999999999949 5.58036446171363
0.0679999999999949 5.5793228135979
0.068099999999995 5.5821776074728
0.068199999999995 5.60394391287446
0.0682999999999949 5.6024335605802
0.0683999999999949 5.63632757010874
0.0684999999999948 5.63703340064432
0.0685999999999948 5.63596648258089
0.0686999999999948 5.63616609261168
0.0687999999999949 5.65677472039687
0.0688999999999949 5.66306138935454
0.0689999999999949 5.66624961770129
0.069099999999995 5.68164834279606
0.069199999999995 5.70915940564599
0.0692999999999949 5.69402676826339
0.0693999999999948 5.68207626251941
0.0694999999999948 5.67600304893997
0.0695999999999948 5.68794245564362
0.0696999999999949 5.71441195984786
0.0697999999999949 5.74774730346618
0.0698999999999949 5.77699715243483
0.069999999999995 5.7745249249685
0.070099999999995 5.75699793604551
0.070199999999995 5.7451284010302
0.0702999999999949 5.74012530636752
0.0703999999999948 5.76781725722524
0.0704999999999948 5.78631532655245
0.0705999999999948 5.81791309017284
0.0706999999999949 5.80153170605667
0.0707999999999949 5.79433074236006
0.0708999999999949 5.80132203789403
0.070999999999995 5.80729785028581
0.071099999999995 5.80002679089593
0.071199999999995 5.81893605555897
0.0712999999999948 5.85490818896554
0.0713999999999948 5.86619928250662
0.0714999999999948 5.85173009277266
0.0715999999999948 5.84350409098735
0.0716999999999949 5.83643359956742
0.0717999999999949 5.84748869180285
0.0718999999999949 5.87411216626488
0.071999999999995 5.90772327034485
0.072099999999995 5.92365162849239
0.0721999999999949 5.91503606524487
0.0722999999999948 5.88410297156128
0.0723999999999948 5.89621172452859
0.0724999999999948 5.90109500691246
0.0725999999999949 5.9324857077713
0.0726999999999949 5.97761590220495
0.0727999999999949 5.97041640240147
0.0728999999999949 5.95114727969577
0.072999999999995 5.93061743293827
0.073099999999995 5.93763249418597
0.0731999999999948 5.94967012280413
0.0732999999999948 5.98717368745856
0.0733999999999948 6.01711806235969
0.0734999999999948 6.02300868161718
0.0735999999999949 6.00650944115659
0.0736999999999949 6.01457554805873
0.0737999999999949 6.0068357731955
0.073899999999995 6.02148411644593
0.073999999999995 6.03739647891331
0.0740999999999949 6.03866478697359
0.0741999999999948 6.04567221387263
0.0742999999999948 6.05786824066639
0.0743999999999948 6.07885607946519
0.0744999999999948 6.07410747872438
0.0745999999999949 6.06999281228104
0.0746999999999949 6.07588543710927
0.0747999999999949 6.07957582195726
0.074899999999995 6.09029658508729
0.074999999999995 6.09446733472677
0.0750999999999949 6.11192107138357
0.0751999999999948 6.1218198789797
0.0752999999999948 6.10616674273818
0.0753999999999948 6.12519397449501
0.0754999999999948 6.12859605917358
0.0755999999999949 6.14066711819579
0.0756999999999949 6.15301334861987
0.0757999999999949 6.16826880566012
0.075899999999995 6.16214238051717
0.0759999999999949 6.14498335869248
0.0760999999999947 6.15230830543048
0.0761999999999948 6.17206393351475
0.0762999999999948 6.18957628858422
0.0763999999999948 6.21825213364568
0.0764999999999949 6.21581639587444
0.0765999999999949 6.21197144636242
0.0766999999999949 6.21552234618284
0.0767999999999949 6.2155772028771
0.076899999999995 6.2292900181967
0.0769999999999947 6.24164112618889
0.0770999999999948 6.26973573941548
0.0771999999999948 6.29110893861388
0.0772999999999948 6.27870810407536
0.0773999999999948 6.26432588816188
0.0774999999999949 6.25361722502327
0.0775999999999949 6.26304373040147
0.0776999999999949 6.29812913508413
0.077799999999995 6.30884741250932
0.0778999999999948 6.31412432405144
0.0779999999999947 6.30984860626353
0.0780999999999948 6.30877845062909
0.0781999999999948 6.32255790388873
0.0782999999999948 6.34017120495013
0.0783999999999948 6.36336541613223
0.0784999999999949 6.37622191716396
0.0785999999999949 6.37131250906375
0.0786999999999949 6.36240317171575
0.078799999999995 6.37226725918571
0.0788999999999948 6.36172403659759
0.0789999999999947 6.37630747562994
0.0790999999999948 6.38293481827897
0.0791999999999948 6.41938995086046
0.0792999999999948 6.42303739351133
0.0793999999999948 6.41018272612557
0.0794999999999949 6.397761472158
0.0795999999999949 6.3731624896547
0.0796999999999949 6.40454985512209
0.0797999999999948 6.43792446139925
0.0798999999999947 6.46967390382944
0.0799999999999947 6.47526461136182
0.0800999999999948 6.46728594262827
0.0801999999999948 6.46206802775119
0.0802999999999948 6.47600019224977
0.0803999999999949 6.4567021843828
0.0804999999999949 6.45081651556641
0.0805999999999949 6.48058961829442
0.080699999999995 6.50684116386778
0.0807999999999948 6.52431951533268
0.0808999999999947 6.52300512706554
0.0809999999999948 6.51193381444085
0.0810999999999948 6.50467229006643
0.0811999999999948 6.49870415540065
0.0812999999999948 6.50811001402009
0.0813999999999949 6.54358694498554
0.0814999999999949 6.56141505474286
0.0815999999999949 6.57864387954952
0.0816999999999948 6.58570127175462
0.0817999999999947 6.56442268536236
0.0818999999999947 6.54568205188223
0.0819999999999948 6.56409984871287
0.0820999999999948 6.57235063340163
0.0821999999999948 6.59655982010588
0.0822999999999948 6.6192318427893
0.0823999999999949 6.63521523477877
0.0824999999999949 6.62689025562841
0.0825999999999949 6.61615322501926
0.0826999999999948 6.62124646028245
0.0827999999999947 6.62473386931666
0.0828999999999947 6.64217795273885
0.0829999999999948 6.67998503909952
0.0830999999999948 6.6769168175516
0.0831999999999948 6.67649223638823
0.0832999999999949 6.66321566401981
0.0833999999999949 6.66349330699795
0.0834999999999949 6.68414553397778
0.0835999999999948 6.68647457463257
0.0836999999999948 6.70732777640922
0.0837999999999947 6.72183410488251
0.0838999999999948 6.71662400725348
0.0839999999999948 6.70668442472214
0.0840999999999948 6.70538088682309
0.0841999999999948 6.70912863150307
0.0842999999999949 6.75475592414841
0.0843999999999949 6.75710863470219
0.0844999999999949 6.77195027847028
0.0845999999999948 6.76050825190215
0.0846999999999947 6.76082683267208
0.0847999999999947 6.76206910764469
0.0848999999999948 6.78460692976721
0.0849999999999948 6.77622698393545
0.0850999999999948 6.7937698597257
0.0851999999999948 6.80142691650641
0.0852999999999949 6.79526443040425
0.0853999999999949 6.81239109187841
0.0854999999999948 6.81608957838781
0.0855999999999948 6.79703304897142
0.0856999999999947 6.81723135953473
0.0857999999999947 6.83278511567131
0.0858999999999948 6.83607222416098
0.0859999999999948 6.83280214782161
0.0860999999999948 6.84117149455692
0.0861999999999949 6.86428420433482
0.0862999999999949 6.8566935194609
0.0863999999999949 6.86929735025931
0.0864999999999948 6.88132648794025
0.0865999999999947 6.87704263994014
0.0866999999999947 6.8791956792378
0.0867999999999947 6.87892476339005
0.0868999999999948 6.89520754206161
0.0869999999999948 6.92492458192728
0.0870999999999948 6.94372429514709
0.0871999999999949 6.90338664125342
0.0872999999999949 6.89067452096427
0.0873999999999948 6.92115947374693
0.0874999999999948 6.93123406620033
0.0875999999999947 6.93945351295599
0.0876999999999947 6.95816037982444
0.0877999999999948 6.95300452154824
0.0878999999999948 6.96054479485273
0.0879999999999948 6.96102072827769
0.0880999999999948 6.95368653079458
0.0881999999999949 6.97605670096263
0.0882999999999949 6.99257516459213
0.0883999999999949 6.9874224997389
0.0884999999999947 7.01912789395298
0.0885999999999947 7.02191380250204
0.0886999999999947 7.01204869183928
0.0887999999999948 7.01931476286667
0.0888999999999948 7.0074826704798
0.0889999999999948 7.01957892882444
0.0890999999999948 7.04473825794781
0.0891999999999949 7.07368961885362
0.0892999999999949 7.07301370318029
0.0893999999999948 7.06228885877263
0.0894999999999947 7.05938729204141
0.0895999999999947 7.03674326301465
0.0896999999999947 7.05180593721507
0.0897999999999948 7.07844698182237
0.0898999999999948 7.0972634922732
0.0899999999999948 7.11149720578983
0.0900999999999949 7.1069253678055
0.0901999999999949 7.09307697387687
0.0902999999999949 7.10170138128103
0.0903999999999948 7.11439318969592
0.0904999999999947 7.12509044193168
0.0905999999999947 7.13540919935635
0.0906999999999947 7.14730885620446
0.0907999999999948 7.1370060930196
0.0908999999999948 7.14359250961214
0.0909999999999948 7.14365184990118
0.0910999999999949 7.16233201839823
0.0911999999999949 7.15055154175924
0.0912999999999948 7.1705448821149
0.0913999999999947 7.16973231002377
0.0914999999999947 7.18643676964461
0.0915999999999947 7.18454240344125
0.0916999999999948 7.19372748613166
0.0917999999999948 7.18722903933435
0.0918999999999948 7.18869686953252
0.0919999999999948 7.19414990989447
0.0920999999999949 7.21607741183615
0.0921999999999949 7.24634285173142
0.0922999999999947 7.25754870670183
0.0923999999999947 7.2379690031219
0.0924999999999947 7.22043777455455
0.0925999999999947 7.22496486946157
0.0926999999999948 7.24967577687676
0.0927999999999948 7.28423619163345
0.0928999999999948 7.30400817092618
0.0929999999999949 7.29896285005541
0.0930999999999949 7.26507132030793
0.0931999999999948 7.24638621371061
0.0932999999999947 7.25841839792556
0.0933999999999947 7.29578082947407
0.0934999999999947 7.32395388684151
0.0935999999999947 7.32545413940921
0.0936999999999948 7.3102256824309
0.0937999999999948 7.31223672087428
0.0938999999999948 7.30934545218522
0.0939999999999949 7.32309447493731
0.0940999999999949 7.34361353620811
0.0941999999999948 7.36034468872486
0.0942999999999947 7.34677495368846
0.0943999999999947 7.35358554588731
0.0944999999999947 7.3686249309459
0.0945999999999947 7.36670928957092
0.0946999999999948 7.37770633002002
0.0947999999999948 7.38323551570291
0.0948999999999948 7.37857727733468
0.0949999999999949 7.38571026521658
0.0950999999999948 7.41080657947464
0.0951999999999948 7.40838879289681
0.0952999999999947 7.42997947366371
0.0953999999999947 7.42610403189083
0.0954999999999947 7.40947448614801
0.0955999999999948 7.42482479564283
0.0956999999999948 7.43684920670296
0.0957999999999948 7.44723862400143
0.0958999999999949 7.47328800050078
0.0959999999999949 7.4642997742882
0.0960999999999948 7.45866170286788
0.0961999999999947 7.42312495942019
0.0962999999999947 7.44215220796731
0.0963999999999947 7.46365385399158
0.0964999999999947 7.46997971341761
0.0965999999999948 7.49703458294655
0.0966999999999948 7.50290397287842
0.0967999999999948 7.49871789447199
0.0968999999999949 7.50300173513935
0.0969999999999947 7.50357176385745
0.0970999999999946 7.49038765266097
0.0971999999999947 7.50471596672319
0.0972999999999947 7.53426399681072
0.0973999999999947 7.54844543176739
0.0974999999999947 7.5611353459691
0.0975999999999948 7.55428505342942
0.0976999999999948 7.54985836425956
0.0977999999999948 7.5450746695387
0.0978999999999949 7.54455039829774
0.0979999999999947 7.54331294915652
0.0980999999999946 7.56607316010447
0.0981999999999947 7.58277722029734
0.0982999999999947 7.59839952348823
0.0983999999999947 7.60103229101519
0.0984999999999948 7.59107643782848
0.0985999999999948 7.59369063541635
0.0986999999999948 7.58836473861088
0.0987999999999948 7.61264884990234
0.0988999999999947 7.62181628162986
0.0989999999999948 7.62128290281996
0.0990999999999947 7.61302484325384
0.0991999999999947 7.61936064401064
0.0992999999999947 7.63639290783731
0.0993999999999947 7.63230887421873
0.0994999999999948 7.63483757907737
0.0995999999999948 7.65789073339179
0.0996999999999948 7.65587745847875
0.0997999999999949 7.65448922249624
0.0998999999999947 7.65963020332589
0.0999999999999946 7.6619256064761
0.100099999999995 7.66026102155076
0.100199999999995 7.68551009021895
0.100299999999995 7.68003840895048
0.100399999999995 7.68031208446263
0.100499999999995 7.69736347770347
0.100599999999995 7.6994575199325
0.100699999999995 7.70801531984512
0.100799999999995 7.74485608178183
0.100899999999995 7.72759386510436
0.100999999999995 7.73332361027589
0.101099999999995 7.70308099770905
0.101199999999995 7.72705313170718
0.101299999999995 7.73312923533248
0.101399999999995 7.76116215914795
0.101499999999995 7.77267466699085
0.101599999999995 7.76481742774987
0.101699999999995 7.74555939292088
0.101799999999995 7.74934707014112
0.101899999999995 7.7601909864202
0.101999999999995 7.78638137574147
0.102099999999995 7.80867524269818
0.102199999999995 7.80587793242573
0.102299999999995 7.78416820341242
0.102399999999995 7.7539348573827
0.102499999999995 7.76882543566712
0.102599999999995 7.81703525440742
0.102699999999995 7.81609561445473
0.102799999999995 7.82753645138497
0.102899999999995 7.84215333897298
0.102999999999995 7.81744842911907
0.103099999999995 7.80140404499895
0.103199999999995 7.79960359748921
0.103299999999995 7.83505190067161
0.103399999999995 7.87440322054076
0.103499999999995 7.86820520616185
0.103599999999995 7.87409570853795
0.103699999999995 7.85074014800055
0.103799999999995 7.84098946386169
0.103899999999995 7.86871533300699
0.103999999999995 7.88990014171596
0.104099999999995 7.88077967121829
0.104199999999995 7.91051597453915
0.104299999999995 7.90356583467238
0.104399999999995 7.89892707561302
0.104499999999995 7.90947376979141
0.104599999999995 7.91323921092396
0.104699999999995 7.90923448211095
0.104799999999995 7.90745103185107
0.104899999999995 7.93537203267346
0.104999999999995 7.96102994603143
0.105099999999995 7.95916627379939
0.105199999999995 7.93131939568592
0.105299999999995 7.93160364321359
0.105399999999995 7.93700504860648
0.105499999999995 7.96018727107972
0.105599999999995 7.98796674833511
0.105699999999995 7.9889805165701
0.105799999999995 7.97470283550461
0.105899999999995 7.98513818999458
0.105999999999995 7.96896341401813
0.106099999999995 7.9582018030482
0.106199999999995 7.99564539938544
0.106299999999995 8.00733439180732
0.106399999999995 8.02549033498214
0.106499999999995 8.01763315810736
0.106599999999995 7.99779021209217
0.106699999999995 8.01457941753178
0.106799999999995 8.00982990947931
0.106899999999995 8.03055963424305
0.106999999999995 8.06804920734947
0.107099999999995 8.03906536478841
0.107199999999995 8.06451139644159
0.107299999999995 8.04564292178977
0.107399999999995 8.04936027410801
0.107499999999995 8.06140266130429
0.107599999999995 8.06455146172003
0.107699999999995 8.07492143591712
0.107799999999995 8.09943524897299
0.107899999999995 8.10407711334751
0.107999999999995 8.06800250563314
0.108099999999995 8.07981560674297
0.108199999999995 8.08315600708211
0.108299999999995 8.11983253735862
0.108399999999995 8.1217517325024
0.108499999999995 8.13239359093963
0.108599999999995 8.1312214381227
0.108699999999995 8.12497905938155
0.108799999999995 8.11460680810025
0.108899999999995 8.12579875629303
0.108999999999995 8.14535976613462
0.109099999999995 8.15191685981589
0.109199999999995 8.16801304228949
0.109299999999995 8.16503280976602
0.109399999999995 8.15751620173169
0.109499999999995 8.16667773543714
0.109599999999995 8.1548372987904
0.109699999999995 8.16680664850235
0.109799999999995 8.17861211323796
0.109899999999995 8.18252778156394
0.109999999999995 8.1966068420599
0.110099999999995 8.18503227113394
0.110199999999995 8.18613972169817
0.110299999999995 8.17719770357489
0.110399999999995 8.19908826095605
0.110499999999995 8.19822592864952
0.110599999999995 8.2180880152893
0.110699999999995 8.22203101014866
0.110799999999995 8.22844609582144
0.110899999999995 8.22585089636572
0.110999999999995 8.22965713568412
0.111099999999995 8.23419449728599
0.111199999999995 8.2434777392734
0.111299999999995 8.23432829616767
0.111399999999995 8.24667805791415
0.111499999999995 8.27531331820378
0.111599999999995 8.24210894151149
0.111699999999995 8.24907218917247
0.111799999999995 8.26666450557117
0.111899999999995 8.27804716706486
0.111999999999995 8.26648558797527
0.112099999999995 8.29831210736322
0.112199999999995 8.31320335701933
0.112299999999995 8.29257599887141
0.112399999999995 8.27277313566308
0.112499999999995 8.3017127938506
0.112599999999995 8.3060600896283
0.112699999999995 8.31919670907323
0.112799999999995 8.33484908624882
0.112899999999995 8.34099009985573
0.112999999999995 8.33557223318922
0.113099999999995 8.29892430334599
0.113199999999995 8.31194397936024
0.113299999999995 8.3391738052527
0.113399999999995 8.36194859684344
0.113499999999995 8.35678931603712
0.113599999999995 8.37030776818553
0.113699999999995 8.35894015864375
0.113799999999995 8.34969314572317
0.113899999999995 8.36128994225392
0.113999999999995 8.37720837462352
0.114099999999995 8.38970463642996
0.114199999999995 8.40077314149943
0.114299999999995 8.39523724338889
0.114399999999995 8.37752485619211
0.114499999999995 8.36381384144037
0.114599999999995 8.38149204258094
0.114699999999995 8.38980156321094
0.114799999999995 8.41577018589462
0.114899999999995 8.41596321062527
0.114999999999995 8.40894283166774
0.115099999999995 8.41517633056053
0.115199999999995 8.40940650285229
0.115299999999995 8.42840619521625
0.115399999999995 8.43764384141122
0.115499999999995 8.44555872905369
0.115599999999995 8.46635120752186
0.115699999999995 8.45464463947862
0.115799999999995 8.43719977933874
0.115899999999995 8.434370294518
0.115999999999995 8.44611576843569
0.116099999999995 8.48234429538108
0.116199999999995 8.49347762760429
0.116299999999995 8.48021822621083
0.116399999999995 8.49502065322456
0.116499999999995 8.46150074734083
0.116599999999995 8.46527747204741
0.116699999999995 8.48137302342613
0.116799999999995 8.4972905952985
0.116899999999995 8.50865443647986
0.116999999999995 8.53010265627868
0.117099999999995 8.50529950976277
0.117199999999995 8.49920097127436
0.117299999999995 8.51293931617261
0.117399999999995 8.51009429981599
0.117499999999995 8.54297695660484
0.117599999999995 8.55025865843583
0.117699999999995 8.54117182700197
0.117799999999995 8.54254368733197
0.117899999999995 8.54752125206517
0.117999999999995 8.52531584354776
0.118099999999995 8.5403088877042
0.118199999999995 8.57369338360569
0.118299999999995 8.57331975539748
0.118399999999995 8.57454046387789
0.118499999999995 8.5590634837833
0.118599999999995 8.57050813170415
0.118699999999995 8.58038372288292
0.118799999999995 8.59836951546843
0.118899999999995 8.6037572516657
0.118999999999995 8.60199350858889
0.119099999999995 8.57368877319751
0.119199999999995 8.592462103616
0.119299999999995 8.60250413007543
0.119399999999995 8.60969835632597
0.119499999999995 8.59902444490596
0.119599999999995 8.62178319533883
0.119699999999995 8.62692688580372
0.119799999999995 8.6145203571731
0.119899999999995 8.62379783324863
0.119999999999995 8.61881090571625
0.120099999999995 8.6386442364068
0.120199999999995 8.64997730046541
0.120299999999995 8.62684339000275
0.120399999999995 8.63233546314533
0.120499999999995 8.66572985497448
0.120599999999995 8.66606511918966
0.120699999999995 8.65841323411617
0.120799999999995 8.67724102832498
0.120899999999995 8.66660517545513
0.120999999999995 8.67511958867934
0.121099999999995 8.69633871218603
0.121199999999995 8.68034247461599
0.121299999999995 8.67082773651169
0.121399999999995 8.68342636477101
0.121499999999995 8.70458787066397
0.121599999999995 8.69547992072233
0.121699999999995 8.69803108433004
0.121799999999995 8.72208090139806
0.121899999999995 8.70241736077662
0.121999999999995 8.70006128575447
0.122099999999995 8.69612170382961
0.122199999999995 8.72985631981278
0.122299999999995 8.75551103473263
0.122399999999995 8.74129244559318
0.122499999999995 8.74642848670774
0.122599999999995 8.70700117940535
0.122699999999995 8.73592719437032
0.122799999999995 8.73907397251867
0.122899999999995 8.76472599230402
0.122999999999995 8.7839334369514
0.123099999999995 8.77495046146638
0.123199999999995 8.75263565769493
0.123299999999995 8.74767259415305
0.123399999999995 8.7736086943281
0.123499999999995 8.8030230707683
0.123599999999995 8.81135737354259
0.123699999999995 8.79537329397308
0.123799999999995 8.78588527250968
0.123899999999995 8.78589674703119
0.123999999999995 8.79845234619116
0.124099999999995 8.81357125919811
0.124199999999995 8.80869156014383
0.124299999999995 8.83498691373599
0.124399999999995 8.80767901154308
0.124499999999995 8.80484789397499
0.124599999999995 8.80076536564721
0.124699999999995 8.82869112414348
0.124799999999995 8.8461325560116
0.124899999999995 8.86679904021033
0.124999999999995 8.83922368608468
0.125099999999995 8.8407949123319
0.125199999999995 8.82661115780948
0.125299999999995 8.82855794922649
0.125399999999995 8.85687080276392
0.125499999999995 8.87406538220793
0.125599999999995 8.85879411839338
0.125699999999995 8.85696223521562
0.125799999999995 8.85783006892691
0.125899999999995 8.85699200072463
0.125999999999995 8.85839017071571
0.126099999999995 8.86979593482972
0.126199999999995 8.89813635762618
0.126299999999995 8.90131496589043
0.126399999999995 8.88391183874582
0.126499999999995 8.86740989009037
0.126599999999995 8.8624194423708
0.126699999999995 8.88984047276225
0.126799999999995 8.91120918883345
0.126899999999995 8.90964423046994
0.126999999999995 8.93167290479723
0.127099999999995 8.91024857780446
0.127199999999995 8.91090461995138
0.127299999999995 8.92864681124331
0.127399999999995 8.92002549771824
0.127499999999995 8.94009581519021
0.127599999999995 8.92723128344378
0.127699999999995 8.92966567517153
0.127799999999995 8.94885052292912
0.127899999999995 8.94296728010498
0.127999999999995 8.9405421807192
0.128099999999995 8.94809490112446
0.128199999999995 8.94892874042458
0.128299999999995 8.96921858280495
0.128399999999995 8.96744195421213
0.128499999999995 8.97109531262675
0.128599999999995 8.95229961724015
0.128699999999994 8.97429406221949
0.128799999999995 8.98982030290396
0.128899999999995 8.98224230002445
0.128999999999995 8.99480569868476
0.129099999999995 9.00075611812066
0.129199999999995 8.99731347703494
0.129299999999995 9.00811053285672
0.129399999999995 9.00492031482724
0.129499999999995 8.98556879124706
0.129599999999995 9.01530260142894
0.129699999999994 9.03318093654885
0.129799999999995 9.00602205823014
0.129899999999995 9.01526103960044
0.129999999999995 9.01709896385972
0.130099999999995 9.03046965575358
0.130199999999995 9.02938778569315
0.130299999999995 9.03998975177381
0.130399999999995 9.05337002948709
0.130499999999995 9.0328078056938
0.130599999999995 9.05786303985507
0.130699999999995 9.03049602017659
0.130799999999995 9.05534307759824
0.130899999999995 9.05173365768652
0.130999999999995 9.07230915692902
0.131099999999995 9.05295896208154
0.131199999999995 9.04166536940687
0.131299999999995 9.05864892942213
0.131399999999995 9.07908216138278
0.131499999999995 9.09913002541138
0.131599999999994 9.08727078933751
0.131699999999995 9.05997099965737
0.131799999999995 9.07180680948536
0.131899999999995 9.08075320534556
0.131999999999995 9.10272633354808
0.132099999999995 9.124002082879
0.132199999999995 9.11187234604773
0.132299999999995 9.10761062798013
0.132399999999995 9.1220071806269
0.132499999999994 9.1112922755067
0.132599999999995 9.11631101975371
0.132699999999995 9.12749924805216
0.132799999999995 9.14466177002421
0.132899999999995 9.12849565705374
0.132999999999995 9.11761469889368
0.133099999999995 9.13926538806735
0.133199999999995 9.15912519924309
0.133299999999995 9.14598314203115
0.133399999999995 9.13619700381495
0.133499999999994 9.1446530100528
0.133599999999995 9.14110679368882
0.133699999999995 9.14946914181102
0.133799999999995 9.16070140712316
0.133899999999995 9.16941436757701
0.133999999999995 9.16959906541601
0.134099999999995 9.15088227526702
0.134199999999995 9.17367505224392
0.134299999999995 9.17226176141322
0.134399999999995 9.16687790342542
0.134499999999994 9.18364571246862
0.134599999999995 9.18459475360184
0.134699999999995 9.1838677543225
0.134799999999995 9.18173664611382
0.134899999999995 9.1774825910174
0.134999999999995 9.20979555718392
0.135099999999995 9.19225340432119
0.135199999999995 9.2291298572294
0.135299999999995 9.21410904853472
0.135399999999994 9.20455048929625
0.135499999999994 9.20415755459112
0.135599999999995 9.22369373724874
0.135699999999995 9.23147116442187
0.135799999999995 9.24810010734512
0.135899999999995 9.24882418782522
0.135999999999995 9.23165735180519
0.136099999999995 9.22962926381238
0.136199999999995 9.23263078609293
0.136299999999995 9.24177875188644
0.136399999999994 9.25655303650564
0.136499999999994 9.25902741933318
0.136599999999995 9.26984633310385
0.136699999999995 9.25134988255562
0.136799999999995 9.2449054609056
0.136899999999995 9.25762061968939
0.136999999999995 9.26814290231352
0.137099999999995 9.24402147545783
0.137199999999995 9.2634367932008
0.137299999999994 9.26278465071415
0.137399999999994 9.27407186137964
0.137499999999994 9.26839342291322
0.137599999999995 9.29051303610466
0.137699999999995 9.28532662191316
0.137799999999995 9.29931650035051
0.137899999999995 9.27762060499601
0.137999999999995 9.29347532074807
0.138099999999995 9.30555911185258
0.138199999999995 9.31303689258761
0.138299999999994 9.30329491998182
0.138399999999994 9.31524615403289
0.138499999999995 9.3020862850121
0.138599999999995 9.29836673346736
0.138699999999995 9.32515214820084
0.138799999999995 9.31948604133131
0.138899999999995 9.30568482677914
0.138999999999995 9.31553042039415
0.139099999999995 9.31231819980103
0.139199999999995 9.31999257500402
0.139299999999994 9.31079787136269
0.139399999999994 9.33100677657376
0.139499999999995 9.30997806846838
0.139599999999995 9.32110729991745
0.139699999999995 9.32635193650659
0.139799999999995 9.32862584636312
0.139899999999995 9.3502090808798
0.139999999999995 9.34409384491841
0.140099999999995 9.33389865508788
0.140199999999994 9.34284897479822
0.140299999999994 9.33855644562027
0.140399999999995 9.33503186026478
0.140499999999995 9.33786942254427
0.140599999999995 9.36019196474881
0.140699999999995 9.35862979989937
0.140799999999995 9.37356792731915
0.140899999999995 9.33974577908603
0.140999999999995 9.33486929764065
0.141099999999995 9.33845365746737
0.141199999999994 9.36510938842937
0.141299999999994 9.37107014886585
0.141399999999995 9.33788635728922
0.141499999999995 9.32709815232573
0.141599999999995 9.3173091078016
0.141699999999995 9.28549207164679
0.141799999999995 9.24997023283455
0.141899999999995 9.19999300726172
0.141999999999995 9.16092002330133
0.142099999999994 9.07524348366368
0.142199999999994 8.95857252509773
0.142299999999994 8.79730548204135
0.142399999999995 8.5940065179229
0.142499999999995 8.35041022514045
0.142599999999995 8.02520952076287
0.142699999999995 7.64620988706262
0.142799999999994 7.18347834683803
