# Fix print output for fix out1
0 0.00350420948893192
0.000400000000000239 0.219964954248299
0.000799999999999998 0.413138863116528
0.00119999999999928 0.436627963888012
0.00159999999999916 0.388067203331894
0.00199999999999844 0.516963687187643
0.00239999999999736 0.561260771516536
0.00279999999999712 0.605826992566422
0.00319999999999616 0.726678097893358
0.00359999999999496 0.825506250607469
0.0039999999999946 0.822945822800562
0.0043999999999934 0.82469908889742
0.0047999999999928 0.910011731605234
0.00519999999999076 0.943860497785327
0.00559999999999064 0.89458161114985
0.00599999999998884 0.94930247252183
0.00639999999998764 1.06035088027713
0.00679999999998692 1.01228481934702
0.007199999999985 1.14729926345811
0.00759999999998512 1.23387009643395
0.0079999999999832 1.28887575562011
0.00839999999998188 1.28152101703037
0.0087999999999814 1.41175945687813
0.00919999999997924 1.37885754542529
0.00959999999997936 1.40298578205637
0.00999999999997732 1.43928136880531
0.010399999999976 1.44202632015435
0.010799999999974 1.44154464051376
0.011199999999972 1.50319272002608
0.0115999999999714 1.62825307443987
0.0119999999999692 1.67139934707377
0.0123999999999681 1.73870965552099
0.0127999999999656 1.7703159833645
0.013199999999964 1.89226018818102
0.0135999999999621 1.85246516106984
0.0139999999999606 1.82473681519587
0.0143999999999587 1.87715083346864
0.0147999999999561 1.87000975295889
0.0151999999999534 1.90170496652009
0.0155999999999521 1.99281305486722
0.0159999999999483 2.00810266469187
0.0163999999999469 2.04766746984192
0.0167999999999436 2.19393368362518
0.0171999999999416 2.188422902218
0.0175999999999393 2.24395461715387
0.0179999999999353 2.17093842623254
0.0183999999999328 2.25656262930481
0.0187999999999303 2.32995681795979
0.0191999999999271 2.24318652534144
0.0195999999999243 2.34538119031232
0.0199999999999196 2.39654693554187
0.0203999999999169 2.48940638411256
0.0207999999999132 2.48054039187379
0.0211999999999097 2.58317273900289
0.0215999999999062 2.66305002256683
0.021999999999902 2.70137980941518
0.0223999999998983 2.69834765398873
0.0227999999998936 2.69005516936643
0.0231999999998899 2.70319711514124
0.0235999999998857 2.65215382608621
0.0239999999998808 2.76757833432189
0.0243999999998771 2.68122879222229
0.0247999999998717 2.84283632181213
0.0251999999998679 2.92064705816661
0.0255999999998633 2.92563021338835
0.0259999999998581 3.02870149546989
0.0263999999998549 3.06240319279383
0.0267999999998488 3.13625722928587
0.027199999999845 3.07087434431641
0.0275999999998404 3.06789766990991
0.027999999999835 3.0930114000038
0.0283999999998305 3.13524874059395
0.0287999999998242 3.16383201921107
0.0291999999998202 3.23000087648386
0.0295999999998146 3.33874414640405
0.0299999999998087 3.38694911377278
0.0303999999998048 3.39687840746442
0.0307999999997989 3.42133239428419
0.0311999999997942 3.4077709736219
0.0315999999997876 3.45061308334613
0.0319999999997822 3.44753613039671
0.0323999999997775 3.40432226054847
0.0327999999997712 3.4460450766139
0.0331999999997663 3.47127559268095
0.0335999999997594 3.48767249880741
0.0339999999997552 3.59532333870487
0.0343999999997494 3.633248281984
0.0347999999997433 3.69475239784515
0.0351999999997381 3.7617699762761
0.0355999999997313 3.77945749909245
0.0359999999997266 3.84237854990433
0.0363999999997207 3.81685499306189
0.0367999999997146 3.81536092391057
0.0371999999997094 3.83725687236199
0.0375999999997024 3.73911873650346
0.0379999999996974 3.82550428124938
0.0383999999996913 3.92314296094696
0.0387999999996852 3.94293057313962
0.0391999999996793 4.03724542548488
0.0395999999996725 4.1159832336262
0.0399999999996674 4.07333726082596
0.0403999999996596 4.18706169766784
0.0407999999996539 4.21562096842866
0.0411999999996471 4.13011431420375
0.04159999999964 4.14359479480015
0.0419999999996344 4.16784442661716
0.0423999999996263 4.0363723155051
0.0427999999996205 4.22572308207281
0.0431999999996139 4.17439033835224
0.0435999999996063 4.34752180476171
0.0439999999996002 4.31401067871746
0.044399999999591 4.44721844220745
0.0447999999995856 4.36728043021285
0.0451999999995783 4.39548048673914
0.0455999999995698 4.46157378004699
0.0459999999995632 4.40825230132664
0.0463999999995542 4.28516288398943
0.0467999999995476 4.30701749779416
0.0471999999995393 4.50128102566347
0.0475999999995313 4.41658607577793
0.047999999999524 4.47174962596146
0.0483999999995152 4.52658826109536
0.0487999999995076 4.68764674671963
0.0491999999994987 4.61489812606094
0.0495999999994911 4.63543304168189
0.0499999999994821 4.71020197358511
0.0503999999994729 4.64426736142867
0.0507999999994653 4.67212074769777
0.0511999999994551 4.51036866396756
0.0515999999994478 4.58357529551681
0.0519999999994391 4.58578151703566
0.0523999999994294 4.57548603730506
0.0527999999994216 4.50340739266984
0.0531999999994114 4.45172263615997
0.0535999999994041 4.48339102873343
0.0539999999993951 4.31498331733135
0.0543999999993856 4.29494354702801
0.0547999999993785 4.19934223521956
0.0551999999993679 4.06053455946968
0.0555999999993603 3.91010157672981
0.0559999999993513 3.71896558577966
0.0563999999993426 3.52540857569224
0.0567999999993345 3.26937089089982
0.057199999999325 3.05538392828098
0.0575999999993165 2.90325924705362
0.0579999999993068 2.74669356473019
0.0583999999992988 2.73725188512335
0.0587999999992898 2.68800132430216
0.0591999999992808 2.67820347747381
0.059599999999273 2.44393204375681
0.0599999999992626 2.37494510696083
0.0603999999992555 2.25412966110402
0.0607999999992465 2.07788162731296
0.0611999999992368 1.92521627462835
0.061599999999229 1.7769850394236
0.0619999999992186 1.82359523011168
0.0623999999992113 1.87894607975186
0.0627999999992023 1.81096003040762
0.063199999999193 1.89854841908466
0.063599999999186 1.87947010974406
0.0639999999991753 1.89641641893094
0.0643999999991675 1.82405058366725
0.064799999999159 1.83600087139755
0.06519999999915 1.82295750930978
0.0655999999991417 1.69958108483049
0.065999999999132 1.67960260929075
0.0663999999991242 1.61920399673821
0.0667999999991145 1.42375384335013
0.0671999999991065 1.46395697001005
0.0675999999990975 1.551005921793
0.0679999999990878 1.55802522817531
0.0683999999990805 1.54087157648551
0.0687999999990703 1.57299663223003
0.069199999999063 1.66684060864592
0.0695999999990537 1.60342304319392
0.069999999999044 1.59520311580426
0.0703999999990367 1.55981377192364
0.070799999999026 1.48629093378908
0.071199999999019 1.45255396160106
0.07159999999901 1.43667183737381
0.0719999999990005 1.50439053945428
0.0723999999989932 1.60035076544276
0.0727999999989827 1.55167524566402
0.0731999999989752 1.5239876165952
0.0735999999989664 1.54403460487604
0.0739999999989575 1.37327903064824
0.0743999999989494 1.2779643401865
0.0747999999989395 1.26732681019978
0.0751999999989314 1.30231320587582
0.075599999998922 1.37669103714576
0.0759999999989142 1.40427871394393
0.0763999999989049 1.42082838746853
0.0767999999988955 1.45808882680001
0.0771999999988882 1.27636804474754
0.0775999999988775 1.29371180199663
0.0779999999988704 1.17050111905967
0.0783999999988614 1.20873421315492
0.0787999999988517 1.19045037681918
0.0791999999988439 1.30826443065249
0.0795999999988335 1.29841083401723
0.0799999999988264 1.18707726565605
0.0803999999988172 1.19149748482313
0.0807999999988079 1.08011449065142
0.0811999999987999 1.06718331331977
0.0815999999987907 1.04796737325527
0.0819999999987829 0.962246771640732
0.0823999999987739 1.1301421159325
0.0827999999987649 1.09238343225317
0.0831999999987559 1.0667528347149
0.0835999999987469 1.08390406257166
0.0839999999987396 1.0575485734343
0.0843999999987294 0.943049676121151
0.0847999999987211 1.04606416382297
0.0851999999987119 1.08584154920599
0.0855999999987029 1.20641202831663
0.0859999999986958 1.11304509864931
0.0863999999986852 1.09457474178286
0.0867999999986781 1.1052026573167
0.0871999999986686 1.02470723177778
0.0875999999986592 0.883185542391232
0.0879999999986511 0.959473071389034
0.0883999999986412 0.95043506765771
0.0887999999986341 1.05508455517682
0.0891999999986249 1.09238548294605
0.0895999999986154 1.21020385070285
0.0899999999986074 1.26969052546037
0.0903999999985981 1.20605321783505
0.0907999999985903 1.09635167029543
0.0911999999985811 1.08491934553443
0.0915999999985721 1.15674771264632
0.0919999999985634 0.996617120771628
0.0923999999985546 1.01536283670613
0.0927999999985468 1.09942426761258
0.0931999999985369 1.12065531255465
0.0935999999985288 1.06455549012306
0.0939999999985194 0.973288692653031
0.0943999999985106 1.04090774523794
0.0947999999985031 0.953525179871409
0.0951999999984924 0.861689863450737
0.0955999999984855 0.914126109807634
0.0959999999984758 0.954032309086359
0.0963999999984671 0.856874421540788
0.0967999999984588 0.850998835035948
0.0971999999984489 0.764118555550178
0.0975999999984418 0.815099875923479
0.0979999999984325 0.830798728380312
0.0983999999984226 0.817071124834966
0.098799999998415 0.884623929193933
0.0991999999984056 0.80258721973044
0.0995999999983978 0.843864451115755
0.0999999999983888 0.736389866564708
0.10039999999838 0.704435395393172
0.100799999998371 0.557234651230427
0.101199999998362 0.623177771647614
0.101599999998354 0.643753610345782
0.101999999998344 0.708421389657806
0.102399999998337 0.834727235435995
0.102799999998327 0.79978693604786
0.103199999998318 0.765091980889079
0.10359999999831 0.726170609529292
0.1039999999983 0.600318544975297
0.104399999998293 0.484398987165721
0.104799999998283 0.481336398067694
0.105199999998274 0.549537756539173
0.105599999998266 0.607486684722216
0.105999999998256 0.627010977842552
0.106399999998249 0.683288614865837
0.10679999999824 0.746644179872796
0.10719999999823 0.681402998361842
0.107599999998222 0.613198096301039
0.107999999998213 0.681200240801593
0.108399999998205 0.590718711684437
0.108799999998196 0.461400438518774
0.109199999998187 0.585113749082809
0.109599999998178 0.56601341840347
0.109999999998169 0.433186643638975
0.110399999998162 0.620107791976306
0.110799999998152 0.596276740131949
0.111199999998144 0.631631870153322
0.111599999998134 0.61603501514998
0.111999999998126 0.54290851652276
0.112399999998118 0.614408218459404
0.112799999998107 0.541496549178035
0.1131999999981 0.373853453068723
0.11359999999809 0.415808305297984
0.113999999998082 0.337173303368767
0.114399999998074 0.424750439500338
0.114799999998064 0.431589569622708
0.115199999998056 0.608301186187689
0.115599999998047 0.704850238877955
0.115999999998038 0.738448584830177
0.11639999999803 0.6218988686097
0.11679999999802 0.579392342452801
0.117199999998012 0.477996952564333
0.117599999998004 0.523575915369934
0.117999999997995 0.54359841457084
0.118399999997986 0.487610449602746
0.118799999997977 0.506470672788362
0.119199999997969 0.563666756348145
0.119599999997959 0.624582231334534
0.119999999997951 0.667580680618078
0.120399999997942 0.613552490966759
0.120799999997933 0.616449033586114
0.121199999997925 0.505186700000225
0.121599999997915 0.525599616127089
0.121999999997908 0.488267293160288
0.122399999997898 0.535240372837728
0.122799999997889 0.467571654617029
0.123199999997881 0.383660661515165
0.123599999997871 0.5012271218943
0.123999999997864 0.526432606177313
0.124399999997855 0.626034202781742
0.124799999997845 0.569876734595603
0.125199999997837 0.679531159428956
0.125599999997828 0.676473053044573
0.12599999999782 0.521896773614287
0.126399999997811 0.458286030413893
0.126799999997802 0.397196310726243
0.127199999997793 0.425800315831733
0.127599999997784 0.309140730290272
0.127999999997777 0.474321242710056
0.128399999997766 0.597734512685641
0.128799999997759 0.569459028026339
0.129199999997749 0.498261412709505
0.12959999999774 0.56316655670746
0.129999999997733 0.516671147092559
0.130399999997722 0.308544812923224
0.130799999997715 0.361233479657608
0.131199999997705 0.351229886869693
0.131599999997697 0.39493303755895
0.131999999997689 0.419857931107158
0.132399999997678 0.409275491290863
0.132799999997671 0.494567255537365
0.133199999997663 0.521175391614509
0.133599999997653 0.46665313071415
0.133999999997645 0.537128078731539
0.134399999997635 0.60376995171144
0.134799999997627 0.543738172836616
0.135199999997618 0.547129229676449
0.13559999999761 0.468284408132034
0.135999999997601 0.517264490031704
0.136399999997591 0.404232265301654
0.136799999997584 0.380301270249226
0.137199999997574 0.414307880280526
0.137599999997567 0.388704589438387
0.137999999997557 0.397753197054436
0.138399999997548 0.394721238547753
0.13879999999754 0.447168614983546
0.13919999999753 0.528771075007645
0.139599999997523 0.482212178720206
0.139999999997513 0.478844961225155
0.140399999997504 0.469213661046593
0.140799999997496 0.368338907963669
0.141199999997486 0.317619668157836
0.141599999997479 0.351287996991663
0.14199999999747 0.334717439445523
0.14239999999746 0.310895462958959
0.142799999997452 0.382182144454647
0.143199999997442 0.475755627363814
0.143599999997435 0.309722845741103
0.143999999997426 0.349584746715656
0.144399999997417 0.357415984729335
0.144799999997408 0.341300757128269
0.145199999997399 0.365131934585553
0.145599999997392 0.406510317257031
0.145999999997382 0.479441266665896
0.146399999997374 0.403742040872855
0.146799999997364 0.326369900376215
0.147199999997355 0.38238880860151
0.147599999997347 0.471827230602476
0.147999999997337 0.283950459544121
0.14839999999733 0.255019486206903
0.148799999997321 0.344924040000805
0.149199999997312 0.267184939415987
0.149599999997304 0.295066557129039
0.149999999997294 0.316718700097387
0.150399999997286 0.409804913240499
0.150799999997278 0.502109474134088
0.151199999997268 0.38025396636833
0.15159999999726 0.394361388314583
0.15199999999725 0.453549365042175
0.152399999997242 0.348292488001178
0.152799999997233 0.23231720000644
0.153199999997225 0.379677473641686
0.153599999997215 0.303926546454811
0.153999999997207 0.295599297724524
0.154399999997199 0.303675407876121
0.154799999997189 0.312255538211657
0.155199999997181 0.392043306818659
0.155599999997172 0.263034785944017
0.155999999997162 0.297412829046106
0.156399999997155 0.372138153350471
0.156799999997145 0.385238099856946
0.157199999997138 0.323709636307567
0.157599999997128 0.37042107059428
0.157999999997119 0.33498840328568
0.158399999997111 0.199457745096335
0.158799999997101 0.265712092778103
0.159199999997094 0.261650887851728
0.159599999997085 0.238937464386913
0.159999999997075 0.212581473344277
0.160399999997067 0.188343877968727
0.160799999997057 0.248359665642904
0.16119999999705 0.197911732876789
0.161599999997041 0.170692701167181
0.161999999997032 0.212798276273028
0.162399999997023 0.215972357858911
0.162799999997014 0.416155461764194
0.163199999997006 0.329724567549595
0.163599999996996 0.400261915737656
0.163999999996989 0.36138110530544
0.164399999996979 0.379315265875513
0.16479999999697 0.306378918097055
0.165199999996962 0.22467810112104
0.165599999996952 0.227354323611251
0.165999999996945 0.263492362183282
0.166399999996936 0.262032295227563
0.166799999996926 0.313390400210845
0.167199999996918 0.362313397487764
0.167599999996908 0.336587350057173
0.167999999996902 0.327837133971462
0.168399999996893 0.233023131260976
0.168799999996882 0.245144461004311
0.169199999996875 0.343045135527016
0.169599999996865 0.188791525131489
0.169999999996858 0.291821122047062
0.170399999996848 0.264106658569205
0.170799999996839 0.250362597919188
0.17119999999683 0.181754603970921
0.171599999996821 0.200047715837294
0.171999999996814 0.364640654300797
0.172399999996804 0.369911927767081
0.172799999996796 0.410230059248179
0.173199999996786 0.325427015942657
0.173599999996777 0.328180136619306
0.17399999999677 0.147272437287792
0.17439999999676 0.074763894954419
