# Fix print output for fix out1
-9.50685280755228e-16 -0.0803746753681556
9.99999999990224e-05 -0.0720602060905661
0.000199999999998996 -0.120906415416505
0.000299999999998969 -0.0325006851870273
0.000399999999998942 -0.065880201306433
0.000499999999998915 -0.0157035568891125
0.00059999999999916 -0.0539529841309241
0.000699999999999133 -0.0560447124545508
0.000799999999999106 -0.026873910948023
0.000899999999999079 -0.0179496783342524
0.000999999999999052 -0.00622878798254858
0.00109999999999903 0.000929879492364269
0.001199999999999 -0.0218533791327927
0.00129999999999897 -0.00855154353182437
0.00139999999999894 0.021667520043389
0.00149999999999892 0.0494943883398332
0.00159999999999916 0.0266694345255144
0.00169999999999914 0.0918526828713828
0.00179999999999911 0.0436511814017727
0.00189999999999908 0.103395150946777
0.00199999999999906 0.0534677418239431
0.00209999999999903 0.146361151792264
0.002199999999999 0.126066626673272
0.00229999999999897 0.169383200882397
0.00239999999999895 0.135085749941673
0.00249999999999892 0.148883859605895
0.00259999999999917 0.211959796170057
0.00269999999999914 0.165229331450844
0.00279999999999911 0.219265662487104
0.00289999999999908 0.196330702025728
0.00299999999999906 0.224445061189678
0.00309999999999903 0.212326192355582
0.003199999999999 0.281716557808621
0.00329999999999898 0.216018792109271
0.00339999999999895 0.276253500749705
0.00349999999999892 0.225931241210905
0.00359999999999917 0.239808919009259
0.00369999999999914 0.244569717491685
0.00379999999999911 0.254036992768161
0.00389999999999909 0.276108594327207
0.00399999999999906 0.285860736735917
0.00409999999999903 0.283963224687671
0.00419999999999901 0.301410793846108
0.00429999999999898 0.338812781013435
0.00439999999999895 0.322504584199692
0.00449999999999893 0.344375597742314
0.00459999999999917 0.276567156239198
0.00469999999999914 0.377972956606283
0.00479999999999912 0.326011274051448
0.00489999999999909 0.342083672759487
0.00499999999999906 0.322778473929679
0.00509999999999904 0.33928593593101
0.00519999999999901 0.353029621364635
0.00529999999999898 0.3526671516949
0.00539999999999896 0.347999647624243
0.00549999999999893 0.38954771460459
0.00559999999999917 0.383503102459646
0.00569999999999915 0.356681193204148
0.00579999999999912 0.407902715750292
0.00589999999999909 0.328298866650272
0.00599999999999907 0.394848927850498
0.00609999999999904 0.342932141112325
0.00619999999999901 0.396270486561515
0.00629999999999899 0.402734680194
0.00639999999999896 0.455735703241016
0.00649999999999893 0.429485179108188
0.00659999999999918 0.453473910347116
0.00669999999999915 0.477341833182014
0.00679999999999912 0.487605722908705
0.0068999999999991 0.452944261991243
0.00699999999999907 0.4957921463952
0.00709999999999904 0.504617223353452
0.00719999999999902 0.552175718807125
0.00729999999999899 0.481990024561921
0.00739999999999896 0.576582568606723
0.00749999999999893 0.51345154829037
0.00759999999999891 0.55027033840164
0.00769999999999915 0.534553016954009
0.00779999999999913 0.560429398206565
0.0078999999999991 0.5688361888341
0.00799999999999907 0.542040236239942
0.00809999999999905 0.578554789349721
0.00819999999999902 0.54040252735748
0.00829999999999899 0.600658092367213
0.00839999999999896 0.571214689778506
0.00849999999999894 0.617662654858408
0.00859999999999891 0.56497133348325
0.00869999999999916 0.615684730241468
0.00879999999999913 0.59757816768743
0.0088999999999991 0.602323106991796
0.00899999999999907 0.684974786065699
0.00909999999999905 0.645258723872786
0.00919999999999902 0.71425146287076
0.00929999999999899 0.702113332448747
0.00939999999999897 0.753512062108773
0.00949999999999894 0.700221979894187
0.00959999999999891 0.773704973513154
0.00969999999999916 0.745569550115517
0.00979999999999913 0.790346803592458
0.0098999999999991 0.796486962771483
0.00999999999999908 0.794763512084125
0.0100999999999991 0.840476069055618
0.010199999999999 0.807758930263306
0.010299999999999 0.903573072639841
0.010399999999999 0.791583932584017
0.0104999999999989 0.857828274535543
0.0105999999999989 0.82433663325316
0.0106999999999992 0.868998234937487
0.0107999999999991 0.816589310330651
0.0108999999999991 0.814215663542321
0.0109999999999991 0.821296386847283
0.0110999999999991 0.838888076221807
0.011199999999999 0.839358004089097
0.011299999999999 0.751581479013475
0.011399999999999 0.844185891612195
0.0114999999999989 0.757734976998405
0.0115999999999989 0.813530213740227
0.0116999999999992 0.81783582238538
0.0117999999999991 0.857614702806018
0.0118999999999991 0.923525198521394
0.0119999999999991 0.872333266612224
0.0120999999999991 0.907030262126753
0.012199999999999 0.874440090307439
0.012299999999999 0.97445948119193
0.012399999999999 0.888870948427694
0.0124999999999989 0.999915734795671
0.0125999999999989 0.92121684454075
0.0126999999999992 0.988207937663282
0.0127999999999991 1.02121839925794
0.0128999999999991 0.947244152070267
0.0129999999999991 1.02391902386797
0.0130999999999991 0.94538988000335
0.013199999999999 1.05514332311191
0.013299999999999 0.964608892464873
0.013399999999999 1.1055121078994
0.013499999999999 0.976090688954834
0.0135999999999989 1.15632439370812
0.0136999999999992 1.04235854160744
0.0137999999999991 1.10817645221549
0.0138999999999991 1.03008070350353
0.0139999999999991 1.03823772008872
0.0140999999999991 1.08803380999483
0.014199999999999 1.04732709964504
0.014299999999999 1.09606237175845
0.014399999999999 1.0382501980658
0.014499999999999 1.0995570055452
0.0145999999999989 1.07202120768889
0.0146999999999992 1.12656021796624
0.0147999999999991 1.12543396828058
0.0148999999999991 1.16407155515436
0.0149999999999991 1.10205094579054
0.0150999999999991 1.1416976372829
0.015199999999999 1.11282390573849
0.015299999999999 1.15580193294387
0.015399999999999 1.11206235996765
0.015499999999999 1.15292516798456
0.0155999999999989 1.16013717956065
0.0156999999999989 1.14381170805452
0.0157999999999991 1.19814028152372
0.0158999999999991 1.11163771957137
0.0159999999999991 1.21589333951607
0.0160999999999991 1.12941507045016
0.016199999999999 1.14133690855218
0.016299999999999 1.11436245893008
0.016399999999999 1.11559541229123
0.016499999999999 1.1363608781396
0.0165999999999989 1.09429988983365
0.0166999999999989 1.12681566839433
0.0167999999999992 1.14807532299296
0.0168999999999991 1.17691951938817
0.0169999999999991 1.2098641130122
0.0170999999999991 1.21765438572672
0.017199999999999 1.20766696176896
0.017299999999999 1.20623797520425
0.017399999999999 1.29652213238219
0.017499999999999 1.25639208821867
0.0175999999999989 1.25818804021695
0.0176999999999989 1.25639501343741
0.0177999999999992 1.26157334703405
0.0178999999999991 1.333345377099
0.0179999999999991 1.33589548017524
0.0180999999999991 1.38175328566305
0.018199999999999 1.36694162148034
0.018299999999999 1.41125778579097
0.018399999999999 1.36171347063895
0.018499999999999 1.34957911515457
0.0185999999999989 1.37990870246438
0.0186999999999989 1.34970675165936
0.0187999999999992 1.37425517511765
0.0188999999999991 1.34780686620026
0.0189999999999991 1.38963029886671
0.0190999999999991 1.33835111531466
0.0191999999999991 1.41868721202388
0.019299999999999 1.29622255323673
0.019399999999999 1.40719607653468
0.019499999999999 1.38887029398299
0.0195999999999989 1.38759564921879
0.0196999999999989 1.34167464997893
0.0197999999999992 1.33613309685291
0.0198999999999991 1.42501890084598
0.0199999999999991 1.36343326436319
0.0200999999999991 1.43558851459144
0.0201999999999991 1.35453078197954
0.020299999999999 1.38556404000438
0.020399999999999 1.35738756147153
0.020499999999999 1.41723675721198
0.0205999999999989 1.44516173633875
0.0206999999999989 1.39240775434744
0.0207999999999992 1.52863054666441
0.0208999999999991 1.41941237786745
0.0209999999999991 1.54351036706265
0.0210999999999991 1.44527646193146
0.0211999999999991 1.54321830274467
0.021299999999999 1.5058216011599
0.021399999999999 1.5012113369428
0.021499999999999 1.55803905453608
0.0215999999999989 1.53737153542844
0.0216999999999989 1.59205904225313
0.0217999999999992 1.52840139922675
0.0218999999999991 1.57268465602497
0.0219999999999991 1.55668902007386
0.0220999999999991 1.5781729389365
0.0221999999999991 1.53950511011769
0.022299999999999 1.53149774195653
0.022399999999999 1.55595233411272
0.022499999999999 1.54688100881904
0.022599999999999 1.61788316322517
0.0226999999999989 1.58018932894312
0.0227999999999989 1.62735186672779
0.0228999999999991 1.55876654309934
0.0229999999999991 1.61863213749021
0.0230999999999991 1.61199481942522
0.0231999999999991 1.63956878739919
0.023299999999999 1.64525697514117
0.023399999999999 1.62417423830604
0.023499999999999 1.63494673318862
0.023599999999999 1.56398484153441
0.0236999999999989 1.69094885653448
0.0237999999999989 1.6127293264457
0.0238999999999991 1.6828538552546
0.0239999999999991 1.61075147138059
0.0240999999999991 1.63626169556341
0.0241999999999991 1.60761192806457
0.024299999999999 1.63690901254973
0.024399999999999 1.61125804706981
0.024499999999999 1.5907979611346
0.024599999999999 1.69503856215646
0.0246999999999989 1.59595985545888
0.0247999999999989 1.66853844187325
0.0248999999999991 1.61816928977676
0.0249999999999991 1.66725496073349
0.0250999999999991 1.67119170873476
0.0251999999999991 1.67000346095427
0.025299999999999 1.7830753996804
0.025399999999999 1.6723301009164
0.025499999999999 1.75160480271537
0.025599999999999 1.75441716150203
0.0256999999999989 1.72838443315604
0.0257999999999989 1.75316824089782
0.0258999999999991 1.72977238560243
0.0259999999999991 1.77393532185328
0.0260999999999991 1.7488449418154
0.0261999999999991 1.77177985810085
0.026299999999999 1.82172730623933
0.026399999999999 1.78445880763128
0.026499999999999 1.82841187322924
0.026599999999999 1.8153332709706
0.0266999999999989 1.78122153059714
0.0267999999999989 1.79336648138631
0.0268999999999992 1.76668353265584
0.0269999999999991 1.81253165478438
0.0270999999999991 1.81052416414401
0.0271999999999991 1.77912907703143
0.027299999999999 1.77774705149239
0.027399999999999 1.76158076184757
0.027499999999999 1.72223134901933
0.027599999999999 1.76417137793229
0.0276999999999989 1.74657593309109
0.0277999999999989 1.7294451689466
0.0278999999999992 1.778808247195
0.0279999999999991 1.68837942142801
0.0280999999999991 1.81747106886504
0.0281999999999991 1.78576338174376
0.028299999999999 1.87104578806296
0.028399999999999 1.84457831293557
0.028499999999999 1.85495203383137
0.028599999999999 1.8869951059772
0.0286999999999989 1.83796707573708
0.0287999999999989 1.90345255127239
0.0288999999999992 1.89251341073703
0.0289999999999991 1.85656777832687
0.0290999999999991 1.93764778466053
0.0291999999999991 1.92533117601067
0.0292999999999991 1.98685128423134
0.029399999999999 1.95524470208613
0.029499999999999 1.91801414563296
0.029599999999999 1.93153997595598
0.0296999999999989 1.9363724749794
0.0297999999999989 1.91049466484145
0.0298999999999989 1.94711573107052
0.0299999999999991 1.91746805766823
0.0300999999999991 1.97477643600405
0.0301999999999991 1.87629846303298
0.0302999999999991 1.94038450341172
0.030399999999999 1.89104489233896
0.030499999999999 1.89420527265208
0.030599999999999 1.96963063083325
0.0306999999999989 1.92740282917275
0.0307999999999989 1.96462985691686
0.0308999999999989 1.97237200653262
0.0309999999999991 1.99393682982674
0.0310999999999991 1.99483266125393
0.0311999999999991 2.01682549003875
0.0312999999999991 2.09469699307114
0.031399999999999 2.03811512141795
0.031499999999999 2.07981822207049
0.031599999999999 2.02716243960891
0.031699999999999 2.0295953019018
0.0317999999999989 2.00588322927361
0.0318999999999989 2.02232681388371
0.0319999999999991 2.01615028117751
0.0320999999999991 2.03163568648677
0.0321999999999991 1.99216603526447
0.0322999999999991 1.99768423810148
0.032399999999999 2.00845756135724
0.032499999999999 2.02095386006956
0.032599999999999 2.04630483153998
0.032699999999999 2.01734260041561
0.0327999999999989 2.06054638991825
0.0328999999999989 2.05372498940597
0.0329999999999991 2.07199972353661
0.0330999999999991 2.07491505185089
0.0331999999999991 2.13815127500591
0.0332999999999991 2.09857695039893
0.033399999999999 2.13887177358382
0.033499999999999 2.17386138386741
0.033599999999999 2.1290161454198
0.033699999999999 2.20146520243212
0.0337999999999989 2.0982841303094
0.0338999999999989 2.17609918405848
0.0339999999999991 2.12197143917451
0.0340999999999991 2.15098860861716
0.0341999999999991 2.12691923725183
0.0342999999999991 2.16499537633392
0.034399999999999 2.076826963888
0.034499999999999 2.16012789378759
0.034599999999999 2.10734629211324
0.034699999999999 2.10146566576779
0.0347999999999989 2.14873462792399
0.0348999999999989 2.09149861745841
0.0349999999999991 2.16203819506655
0.0350999999999991 2.1091656946866
0.0351999999999991 2.19849756906108
0.0352999999999991 2.11478091088821
0.035399999999999 2.13344570585904
0.035499999999999 2.20107566259145
0.035599999999999 2.10642579808291
0.035699999999999 2.25804526364791
0.0357999999999989 2.12689227471787
0.0358999999999989 2.22451934753939
0.0359999999999992 2.14008912735758
0.0360999999999991 2.22652978455071
0.0361999999999991 2.22272791090361
0.0362999999999991 2.15977640877442
0.036399999999999 2.28688619394019
0.036499999999999 2.2151577422933
0.036599999999999 2.27865859401466
0.036699999999999 2.23635212845919
0.0367999999999989 2.28303183240265
0.0368999999999989 2.32298302099097
0.0369999999999992 2.25159902574075
0.0370999999999991 2.32669515178868
0.0371999999999991 2.22359614781433
0.0372999999999991 2.33326958596669
0.037399999999999 2.33560673387568
0.037499999999999 2.31384070731792
0.037599999999999 2.31717951196844
0.037699999999999 2.30386467793941
0.0377999999999989 2.27270695718536
0.0378999999999989 2.3388412149179
0.037999999999999 2.24879653909229
0.0380999999999991 2.33151960034473
0.0381999999999991 2.29486224266878
0.0382999999999991 2.27974690775928
0.0383999999999991 2.26370875127437
0.038499999999999 2.20526674425021
0.038599999999999 2.3127774911074
0.038699999999999 2.23288235600029
0.0387999999999989 2.20038017144449
0.0388999999999989 2.30188788847859
0.0389999999999989 2.25088269232421
0.0390999999999991 2.30785881012653
0.0391999999999991 2.253664805068
0.0392999999999991 2.26135273953723
0.0393999999999991 2.28281189028958
0.039499999999999 2.32185981331345
0.039599999999999 2.31098185331557
0.039699999999999 2.40171532321882
0.0397999999999989 2.37616484371494
0.0398999999999989 2.37910025411967
0.0399999999999989 2.38840003443618
0.0400999999999991 2.35300347466673
0.0401999999999991 2.41851788098071
0.0402999999999991 2.36055317560113
0.0403999999999991 2.41989744171721
0.040499999999999 2.44614096642999
0.040599999999999 2.40734616461115
0.040699999999999 2.48086561896978
0.0407999999999989 2.36795301631616
0.0408999999999989 2.41557903096909
0.0409999999999989 2.42499154723093
0.0410999999999991 2.35013166701423
0.0411999999999991 2.44248290697095
0.0412999999999991 2.30707980713192
0.0413999999999991 2.40376408226622
0.041499999999999 2.35715769420844
0.041599999999999 2.35729861053664
0.041699999999999 2.44866420288451
0.0417999999999989 2.33276083222618
0.0418999999999989 2.46600094956225
0.0419999999999989 2.34261323284815
0.0420999999999991 2.42063873346375
0.0421999999999991 2.43625583509716
0.0422999999999991 2.40830716426971
0.0423999999999991 2.54004121482271
0.042499999999999 2.40534902771401
0.042599999999999 2.4655403052833
0.042699999999999 2.41350559314635
0.042799999999999 2.44334634040357
0.0428999999999989 2.4813065722628
0.0429999999999989 2.40595340123865
0.0430999999999991 2.51588829786013
0.0431999999999991 2.39244953991451
0.0432999999999991 2.45786088265533
0.0433999999999991 2.39418174612994
0.043499999999999 2.42125263784253
0.043599999999999 2.44978848492164
0.043699999999999 2.4790614821127
0.043799999999999 2.46561940711754
0.0438999999999989 2.45430580926893
0.0439999999999989 2.55203026117261
0.0440999999999989 2.50887723579605
0.0441999999999991 2.53737626008793
0.0442999999999991 2.51622507161271
0.0443999999999991 2.54742375876062
0.044499999999999 2.51357351830667
0.044599999999999 2.54492190002067
0.044699999999999 2.53696342925515
0.044799999999999 2.54011284579917
0.0448999999999989 2.56083825506063
0.0449999999999989 2.5521013337986
0.045099999999999 2.60320768147709
0.0451999999999991 2.52443891842553
0.0452999999999991 2.48572272429772
0.0453999999999991 2.50055326167323
0.045499999999999 2.51061711676013
0.045599999999999 2.56086267407743
0.045699999999999 2.46033171201207
0.045799999999999 2.5154719827353
0.0458999999999989 2.49109357061826
0.0459999999999989 2.44360538905726
0.0460999999999989 2.49605456422987
0.0461999999999991 2.4846676809208
0.0462999999999991 2.48141437407639
0.0463999999999991 2.55332622892061
0.046499999999999 2.4604302811135
0.046599999999999 2.55168541139208
0.046699999999999 2.49559507086484
0.046799999999999 2.51514738618758
0.0468999999999989 2.52740578854766
0.0469999999999989 2.50719642219045
0.0470999999999989 2.53448875252323
0.0471999999999991 2.53392114739036
0.0472999999999991 2.54864315860125
0.0473999999999991 2.56395566893707
0.047499999999999 2.48212121555728
0.047599999999999 2.56429009470029
0.047699999999999 2.53760209077329
0.047799999999999 2.55040933122141
0.0478999999999989 2.55011942520321
0.0479999999999989 2.52626401024269
0.0480999999999989 2.56061865804546
0.0481999999999991 2.55602511851614
0.0482999999999991 2.64298337558381
0.0483999999999991 2.57203855141085
0.0484999999999991 2.65804843288722
0.048599999999999 2.61946176371213
0.048699999999999 2.61589559136742
0.048799999999999 2.692980039078
0.0488999999999989 2.55144955012517
0.0489999999999989 2.72678590152567
0.0490999999999989 2.5551944972136
0.0491999999999991 2.62682145357884
0.0492999999999991 2.69843806198227
0.0493999999999991 2.54926620843168
0.0494999999999991 2.64055543455776
0.049599999999999 2.56680972593207
0.049699999999999 2.58016644635217
0.049799999999999 2.67295290729222
0.0498999999999989 2.5659303156888
0.0499999999999989 2.70452487199883
0.0500999999999989 2.54676400747626
0.0501999999999991 2.68288133075676
0.0502999999999991 2.66098412857476
0.0503999999999991 2.58746732316993
0.0504999999999991 2.71656727540181
0.050599999999999 2.58811283340024
0.050699999999999 2.68537483122704
0.050799999999999 2.66518437744794
0.050899999999999 2.63157656814497
0.0509999999999989 2.70738334210546
0.0510999999999989 2.58638660888082
0.0511999999999989 2.72608865668204
0.0512999999999991 2.61686408569831
0.0513999999999991 2.6935220526912
0.0514999999999991 2.70099709191376
0.051599999999999 2.69307643368702
0.051699999999999 2.74686835202039
0.051799999999999 2.70340950906472
0.051899999999999 2.75313505541958
0.0519999999999989 2.72553456702759
0.0520999999999989 2.68810662494646
0.052199999999999 2.77272799004475
0.0522999999999991 2.62339462867317
0.0523999999999991 2.72327227325265
0.0524999999999991 2.65664487265136
0.052599999999999 2.62775682297221
0.052699999999999 2.73309951446149
0.052799999999999 2.61402311956877
0.052899999999999 2.69233135960409
0.0529999999999989 2.67536956306839
0.0530999999999989 2.59841740728568
0.0531999999999989 2.69509888176872
0.0532999999999991 2.65059189153603
0.0533999999999991 2.70235040775518
0.0534999999999991 2.71121614222622
0.053599999999999 2.66839741163505
0.053699999999999 2.73430089093822
0.053799999999999 2.64276103911834
0.053899999999999 2.68836421334697
0.0539999999999989 2.71538659579899
0.0540999999999989 2.65358838808556
0.0541999999999989 2.74283292440863
0.0542999999999991 2.73668269804802
0.0543999999999991 2.71826394804666
0.0544999999999991 2.71129653824772
0.054599999999999 2.64344725554306
0.054699999999999 2.68910451623744
0.054799999999999 2.64495224396366
0.054899999999999 2.66348281722024
0.0549999999999989 2.68989457904326
0.0550999999999989 2.67754117372607
0.0551999999999989 2.72770813220356
0.0552999999999991 2.78113464487968
0.0553999999999991 2.72769053443226
0.0554999999999991 2.75530299819817
0.055599999999999 2.77078417328863
0.055699999999999 2.77899691461736
0.055799999999999 2.76541458103293
0.055899999999999 2.83593172801904
0.0559999999999989 2.74006543464328
0.0560999999999989 2.84829749809921
0.0561999999999989 2.83715574122011
0.0562999999999991 2.71147853638625
0.0563999999999991 2.79270055712622
0.0564999999999991 2.75035329329802
0.056599999999999 2.67807028980725
0.056699999999999 2.75201587647795
0.056799999999999 2.70162110686217
0.056899999999999 2.75664585235724
0.0569999999999989 2.79676240932879
0.0570999999999989 2.62634820753135
0.0571999999999989 2.80319522645113
0.0572999999999991 2.70338462098124
0.0573999999999991 2.74118980987501
0.0574999999999991 2.78757995993962
0.057599999999999 2.72180637671334
0.057699999999999 2.74640743083718
0.057799999999999 2.74796221033234
0.057899999999999 2.70724742751641
0.0579999999999989 2.82051938487841
0.0580999999999989 2.75396523452937
0.0581999999999989 2.72747086005577
0.058299999999999 2.84284674243428
0.0583999999999991 2.77126551199102
0.0584999999999991 2.78770548841898
0.0585999999999991 2.88248955109712
0.058699999999999 2.77782554695977
0.058799999999999 2.82293987615713
0.058899999999999 2.8464469455932
0.0589999999999989 2.74308113878163
0.0590999999999989 2.80610831672985
0.0591999999999989 2.73664257893756
0.059299999999999 2.77137210107934
0.0593999999999991 2.82522401714905
0.0594999999999991 2.72251627860913
0.0595999999999991 2.75856481232771
0.059699999999999 2.72343986561719
0.059799999999999 2.78888737818903
0.059899999999999 2.74388763311412
0.059999999999999 2.66572107395964
0.0600999999999989 2.8295980957782
0.0601999999999989 2.73068663084661
0.0602999999999989 2.82646961245639
0.0603999999999991 2.84094130022212
0.0604999999999991 2.73230939061371
0.0605999999999991 2.88807189871537
0.060699999999999 2.76073643975931
0.060799999999999 2.7866223533259
0.060899999999999 2.82756112062357
0.060999999999999 2.7335660944532
0.0610999999999989 2.82978652850591
0.0611999999999989 2.73347894540254
0.061299999999999 2.75446001585868
0.0613999999999991 2.87306170139705
0.0614999999999991 2.70255400981103
0.0615999999999991 2.85650386983402
0.061699999999999 2.81241214926771
0.061799999999999 2.69573752638784
0.061899999999999 2.86661307154431
0.061999999999999 2.80391687928179
0.0620999999999989 2.73090467043798
0.0621999999999989 2.89395774429528
0.0622999999999989 2.72558346809584
0.0623999999999991 2.79390975454343
0.0624999999999991 2.84209591038303
0.0625999999999991 2.70100570129447
0.062699999999999 2.80832135123853
0.062799999999999 2.84329033905241
0.062899999999999 2.78888987068328
0.062999999999999 2.84437566099203
0.0630999999999989 2.81162109229906
0.0631999999999989 2.77178892359
0.0632999999999989 2.78141250975207
0.0633999999999991 2.71466909638426
0.0634999999999991 2.86144566382609
0.0635999999999991 2.74488414395351
0.063699999999999 2.79472832485085
0.063799999999999 2.83835502361488
0.063899999999999 2.75253924148649
0.063999999999999 2.86849493379399
0.0640999999999989 2.83428820211779
0.0641999999999989 2.91375352466775
0.0642999999999989 2.90267189268328
0.0643999999999991 2.78690168097792
0.0644999999999991 2.88004405416355
0.0645999999999991 2.78288783386038
0.064699999999999 2.86719612304422
0.064799999999999 2.87113894665937
0.064899999999999 2.78099282639458
0.064999999999999 2.84683980366079
0.0650999999999989 2.80624867110264
0.0651999999999989 2.71933356852209
0.0652999999999989 2.81048007381159
0.065399999999999 2.7687836618425
0.0654999999999991 2.66931698977864
0.0655999999999991 2.7860311967544
0.0656999999999991 2.75012015301092
0.065799999999999 2.67001411959063
0.065899999999999 2.70856498361091
0.065999999999999 2.75064359556391
0.0660999999999989 2.78058399376626
0.0661999999999989 2.84020098870439
0.0662999999999989 2.75282213906639
0.066399999999999 2.84345935782924
0.0664999999999991 2.87115556153979
0.0665999999999991 2.75923789989715
0.0666999999999991 2.86209533949509
0.066799999999999 2.88037327868166
0.066899999999999 2.76581949570521
0.066999999999999 2.87381582589953
0.0670999999999989 2.87039146426387
0.0671999999999989 2.79310672774054
0.0672999999999989 2.93527060480467
0.0673999999999989 2.90975701857194
0.0674999999999991 2.84753367954535
0.0675999999999991 2.88163870401855
0.0676999999999991 2.81957841686749
0.067799999999999 2.74820949795682
0.067899999999999 2.83677254165809
0.067999999999999 2.70213008634175
0.0680999999999989 2.63030782801899
0.0681999999999989 2.58584834399959
0.0682999999999989 2.42810121545089
0.068399999999999 2.28432691137811
0.0684999999999991 2.20083341175068
0.0685999999999991 2.0859424334456
0.0686999999999991 1.92959637768097
0.068799999999999 1.8724032699495
0.068899999999999 1.70860822546743
0.068999999999999 1.52673545266215
0.069099999999999 1.29091015073596
0.0691999999999989 1.07257146730026
0.0692999999999989 0.766099206241851
