# Fix print output for fix out1
-4.95185728233455e-15 0.118688571177676
0.000399999999994227 0.233630084016615
0.000799999999998719 0.362735942115831
0.00120000000000273 0.40877227402811
0.00160000000000336 0.414496317469323
0.00200000000000773 0.420410131567894
0.00240000000000679 0.512414019901176
0.00280000000001128 0.574181772427127
0.00320000000001481 0.644216947467806
0.00360000000001555 0.728112132727591
0.00400000000002041 0.773781008914235
0.00440000000001862 0.825481458793854
0.00480000000002324 0.887937681450116
0.00520000000002712 0.948969109602973
0.00560000000002763 0.989642367231947
0.00600000000003237 1.05305612537556
0.00640000000003046 1.15930450302631
0.00680000000003543 1.20562695578294
0.00720000000003896 1.2604859370752
0.00760000000003959 1.29381529222853
0.00800000000004456 1.31074620294333
0.00840000000004265 1.35204926172394
0.00880000000004763 1.36935892400095
0.00920000000005152 1.38911706114137
0.00960000000005178 1.44052558320016
0.0100000000000565 1.4677432410295
0.0104000000000545 1.47055479952461
0.0108000000000598 1.49992124837667
0.0112000000000634 1.52979435040263
0.0116000000000643 1.56597933164145
0.0120000000000685 1.59548143407157
0.0124000000000668 1.6701892467703
0.0128000000000717 1.73813339005567
0.0132000000000752 1.78753987216741
0.0136000000000768 1.84230243784317
0.014000000000081 1.91869887207232
0.0144000000000795 1.92278127834469
0.0148000000000843 1.99654174302134
0.0152000000000873 2.05867721051037
0.0156000000000891 2.14038901224482
0.0160000000000938 2.19987767473741
0.0164000000000919 2.25237340750657
0.0168000000000958 2.2823919106327
0.0172000000000997 2.32450678366764
0.0176000000001012 2.34245406566369
0.0180000000001055 2.3460691697913
0.0184000000001041 2.39398474388989
0.018800000000108 2.40022748273977
0.0192000000001119 2.44386940187369
0.0196000000001136 2.46899457456359
0.0200000000001176 2.48777565913062
0.0204000000001162 2.49487942516562
0.0208000000001203 2.5269288513151
0.0212000000001241 2.5547206630165
0.0216000000001257 2.58166962188573
0.0220000000001293 2.6132828666081
0.0224000000001283 2.64944455495897
0.0228000000001324 2.72072048088847
0.0232000000001361 2.74844301454063
0.0236000000001383 2.81876230525117
0.0240000000001409 2.87909833138355
0.0244000000001407 2.89549075724443
0.0248000000001448 2.96212301435001
0.0252000000001481 3.05241387154343
0.0256000000001506 3.06722485381282
0.0260000000001531 3.13934927074362
0.0264000000001532 3.20520632256699
0.026800000000157 3.21757422163396
0.0272000000001602 3.21887985078057
0.0276000000001625 3.22610178720017
0.0280000000001652 3.27272905832039
0.0284000000001655 3.26888031763802
0.028800000000169 3.27823762763836
0.0292000000001728 3.3170291264447
0.0296000000001748 3.32378341989255
0.0300000000001769 3.36133678232167
0.0304000000001777 3.36854478518273
0.0308000000001813 3.36862566070933
0.0312000000001848 3.38826675644742
0.0316000000001874 3.42701173031216
0.0320000000001895 3.43169737059826
0.03240000000019 3.48195116506393
0.0328000000001939 3.5108123358562
0.0332000000001968 3.52481452902536
0.0336000000001994 3.55978664856977
0.0340000000002018 3.63202439364802
0.0344000000002028 3.66457537544267
0.0348000000002058 3.65594352053057
0.0352000000002092 3.73558980500078
0.035600000000212 3.76644019428742
0.0360000000002134 3.78918120036412
0.0364000000002151 3.82898143226245
0.036800000000218 3.84383346467795
0.0372000000002214 3.84861303132028
0.0376000000002242 3.87374944977425
0.0380000000002257 3.86733540530973
0.0384000000002274 3.87947078707336
0.0388000000002305 3.84570087051327
0.0392000000002338 3.88271436219238
0.0396000000002357 3.89344814056924
0.0400000000002382 3.97306396216473
0.0404000000002399 4.02107821814115
0.0408000000002419 4.01140451554826
0.0412000000002456 4.06831795341963
0.041600000000248 4.07741073414954
0.0420000000002502 4.10921074094918
0.0424000000002519 4.15317485029421
0.0428000000002543 4.13279804512127
0.0432000000002574 4.17173214488328
0.0436000000002596 4.2228154025226
0.0440000000002627 4.24140716121464
0.0444000000002644 4.28240346172297
0.0448000000002662 4.32900287961234
0.04520000000027 4.3268886087448
0.0456000000002724 4.3538988358819
0.046000000000275 4.36439930049601
0.0464000000002766 4.36403407262846
0.0468000000002789 4.39650970298249
0.0472000000002822 4.4297473452198
0.0476000000002844 4.46341820557151
0.0480000000002871 4.49088462720917
0.0484000000002895 4.50750997337036
0.0488000000002918 4.55615275699417
0.0492000000002943 4.56060178226246
0.0496000000002965 4.61133342596296
0.0500000000002994 4.61805789164046
0.0504000000003016 4.65852566574243
0.0508000000003043 4.68275955929087
0.0512000000003057 4.73961495446419
0.0516000000003088 4.76620465865578
0.0520000000003116 4.80887734714396
0.0524000000003133 4.82463848418001
0.0528000000003167 4.82700821225506
0.0532000000003181 4.83433926593719
0.0536000000003211 4.81853486548435
0.0540000000003235 4.83884569091887
0.0544000000003254 4.85582883855566
0.0548000000003279 4.88564507764368
0.0552000000003305 4.91104694004154
0.0556000000003334 4.94340861097255
0.0560000000003357 4.94385908505121
0.0564000000003375 4.95461884501799
0.056800000000341 4.94772179874812
0.0572000000003424 4.92509409947793
0.0576000000003456 4.89097505690389
0.0580000000003488 4.87501904807795
0.058400000000349 4.83244013845838
0.0588000000003529 4.81885697935895
0.0592000000003554 4.7850275409509
0.0596000000003583 4.74254838654999
0.0600000000003605 4.69774200172454
0.0604000000003612 4.61751042624971
0.0608000000003651 4.48891885367082
0.0612000000003661 4.40451127054325
0.06160000000037 4.25526992494946
0.0620000000003729 4.11650763138102
0.0624000000003737 3.93664971740854
0.0628000000003781 3.76527148551637
0.0632000000003776 3.56880094491638
0.063600000000382 3.37783417357683
0.0640000000003856 3.15149547380612
0.0644000000003859 2.94734431491932
0.0648000000003903 2.68457896096145
0.0652000000003895 2.43817710693618
0.0656000000003946 2.14096737082877
0.0660000000003978 1.89373983267729
0.0664000000003983 1.66587744389049
0.0668000000004029 1.46389311778958
0.0672000000004017 1.22454436330159
0.0676000000004068 1.02543272001188
0.0680000000004095 0.869192848618042
0.0684000000004103 0.736612620156043
0.0688000000004154 0.725088618154622
0.0692000000004137 0.689784294706894
0.069600000000419 0.709632680950003
0.0700000000004215 0.719503928758429
0.0704000000004222 0.744301783764279
0.0708000000004273 0.79426499953488
0.0712000000004257 0.851753492076127
0.0716000000004312 0.923837402450579
0.0720000000004337 1.00365578426822
0.0724000000004347 1.08545472848894
0.0728000000004393 1.17757157145227
0.0732000000004376 1.25267615565029
0.0736000000004437 1.30896927006538
0.0740000000004464 1.36577496208104
0.0744000000004471 1.30853439766297
0.0748000000004515 1.28254083065405
0.0752000000004498 1.30061704500449
0.0756000000004554 1.25511852852845
0.0760000000004585 1.23089780793786
0.0764000000004588 1.23917504858577
0.0768000000004639 1.17704827744321
0.077200000000462 1.13693520566921
0.0776000000004676 1.12320061029364
0.0780000000004705 1.08426832311085
0.0784000000004715 1.02014120176528
0.0788000000004764 0.95705854211357
0.0792000000004747 0.922025371462086
0.07960000000048 0.893002384507747
0.0800000000004827 0.888672600242584
0.0804000000004835 0.910268183232309
0.080800000000489 0.928263571094138
0.0812000000004871 0.941523578614113
0.0816000000004917 0.947105742439381
0.0820000000004954 0.970709502167327
0.0824000000004959 1.01952109090208
0.0828000000005008 1.08357836297519
0.0832000000004993 1.12870538032047
0.0836000000005039 1.20394819529915
0.0840000000005076 1.265340523854
0.0844000000005078 1.25815468198701
0.0848000000005127 1.28529790508928
0.0852000000005113 1.27441200888278
0.0856000000005166 1.26604344228702
0.0860000000005193 1.24506255393184
0.0864000000005198 1.24698891706823
0.0868000000005247 1.19062990634678
0.0872000000005235 1.16781705126641
0.0876000000005288 1.14057235901796
0.0880000000005314 1.09071040140251
0.0884000000005321 1.05211848471116
0.0888000000005355 1.03148455594807
0.0892000000005358 1.00903836926385
0.0896000000005409 1.01037443048348
0.0900000000005431 1.00420391112643
0.0904000000005443 1.05849498262755
0.0908000000005477 1.05930949948182
0.0912000000005482 1.07194886839057
0.0916000000005531 1.06532470648874
0.0920000000005555 1.04903071728073
0.0924000000005565 1.01726849379427
0.0928000000005604 1.08186187341557
0.0932000000005602 1.11323436429516
0.0936000000005648 1.17010883601576
0.0940000000005677 1.1755933540361
0.0944000000005687 1.18317001043574
0.0948000000005719 1.20366437403007
0.0952000000005721 1.17228379742619
0.095600000000577 1.1588788428208
0.0960000000005799 1.09187134253307
0.0964000000005824 1.08070339508693
0.0968000000005846 1.04488013156162
0.0972000000005848 1.02159531744096
0.097600000000589 1.00279481135599
0.0980000000005921 0.943533185254408
0.0984000000005948 0.878105458169318
0.0988000000005965 0.844396329136897
0.0992000000005975 0.874865555711652
0.0996000000006009 0.833409990001115
0.100000000000605 0.868199717902449
0.100400000000607 0.905699052254387
0.100800000000608 0.925049688118911
0.10120000000061 0.919443977914281
0.101600000000614 0.968313416806534
0.102000000000617 0.917784819677397
0.102400000000618 0.940564000955876
0.102800000000621 0.937277477765148
0.103200000000623 0.971093393173518
0.103600000000626 1.02584960599856
0.104000000000629 1.02726198266964
0.104400000000631 1.03875418319836
0.104800000000634 1.07329945529812
0.105200000000635 1.05761829779023
0.105600000000637 1.01044321184244
0.106000000000641 1.01954615190031
0.106400000000643 0.978127176248873
0.106800000000645 0.951318855353283
0.107200000000647 0.94556290707292
0.107600000000649 0.900618296962788
0.108000000000653 0.833410964364523
0.108400000000655 0.79287279019474
0.108800000000658 0.728105235856507
0.109200000000659 0.721264175310491
0.109600000000661 0.689882727138514
0.110000000000665 0.680779382859921
0.110400000000668 0.749675864064512
0.11080000000067 0.786329063425677
0.111200000000671 0.818382200271046
0.111600000000674 0.848391195144466
0.112000000000677 0.883249398783078
0.11240000000068 0.874450029720001
0.112800000000682 0.914291037386168
0.113200000000684 0.942848535054004
0.113600000000687 0.945388762576252
0.114000000000689 0.973106220262814
0.114400000000692 0.963965019773252
0.114800000000694 0.988337160610553
0.115200000000696 0.933755259129394
0.115600000000699 0.846781940153661
0.116000000000701 0.773180120932745
0.116400000000705 0.73108372130312
0.116800000000706 0.713296407586589
0.117200000000708 0.697476755814617
0.117600000000711 0.681825278790116
0.118000000000713 0.632670414027716
0.118400000000716 0.591918855984892
0.118800000000719 0.590412373760562
0.11920000000072 0.570610978466509
0.119600000000723 0.510798234154002
0.120000000000725 0.545361284245979
0.120400000000729 0.559175716851218
0.120800000000731 0.583879027092644
0.121200000000733 0.614663408480896
0.121600000000736 0.62184481320875
0.122000000000738 0.667847966677295
0.122400000000741 0.679441099953176
0.122800000000744 0.727919877650917
0.123200000000744 0.752954386269214
0.123600000000748 0.81682302517432
0.124000000000749 0.874851637168797
0.124400000000753 0.955427700172801
0.124800000000756 0.971656600577193
0.125200000000756 0.981126915571937
0.12560000000076 0.957117918596669
0.126000000000761 0.887803045665544
0.126400000000765 0.895624548314481
0.126800000000768 0.869809424708351
0.127200000000769 0.843115979258992
0.127600000000773 0.799882814162233
0.128000000000773 0.798574661222462
0.128400000000777 0.779943412811365
0.12880000000078 0.731244900345812
0.129200000000781 0.695436437754916
0.129600000000785 0.672954993663292
0.130000000000786 0.615261503070649
0.13040000000079 0.59419447040303
0.130800000000793 0.633241463221813
0.131200000000793 0.663265315577191
0.131600000000798 0.63944774569427
0.132000000000798 0.619108600129817
0.132400000000803 0.636457773925681
0.132800000000804 0.62942552374393
0.133200000000805 0.638769843444933
0.133600000000809 0.664908472328352
0.13400000000081 0.715706325161506
0.134400000000815 0.777454102717844
0.134800000000816 0.825087423814696
0.135200000000817 0.844558113106236
0.135600000000822 0.850830087920933
0.136000000000821 0.775507809290837
0.136400000000827 0.740268393739091
0.136800000000829 0.730281405063786
0.137200000000829 0.678821236040439
0.137600000000834 0.655189240420695
0.138000000000834 0.647096142831888
0.138400000000839 0.613821791546994
0.138800000000841 0.619209763116356
0.139200000000842 0.613779369371831
0.139600000000846 0.617648206409689
0.140000000000846 0.612724607007691
0.140400000000851 0.61655083266718
0.140800000000853 0.667511379513091
0.141200000000855 0.676217316380029
0.141600000000857 0.725479382621463
0.142000000000858 0.718512249333723
0.142400000000863 0.763797784816462
0.142800000000865 0.738149255412109
0.143200000000868 0.73825973869426
0.14360000000087 0.753491473768687
0.14400000000087 0.75621356738459
0.144400000000875 0.793161977307812
0.144800000000877 0.772112868179805
0.145200000000879 0.810086729803319
0.145600000000883 0.78130539063493
0.146000000000883 0.82223012846854
0.146400000000887 0.79571063320531
0.146800000000889 0.791867494360408
0.147200000000892 0.766310400769596
0.147600000000895 0.735480214171261
0.148000000000895 0.736681786933829
0.148400000000899 0.713998582130383
0.148800000000902 0.667067276101441
0.149200000000904 0.652459979874192
0.149600000000908 0.613969580083256
0.150000000000907 0.589478386808411
0.150400000000912 0.584991826693445
0.150800000000914 0.580618389883772
0.151200000000916 0.58962719318222
0.15160000000092 0.589544102594794
0.152000000000919 0.600341127789407
0.152400000000923 0.641329376639279
0.152800000000927 0.656592973490032
0.153200000000928 0.672020960367136
0.153600000000931 0.660792137924152
0.154000000000931 0.647259562934019
0.154400000000936 0.634959388434111
0.154800000000939 0.63082698488618
0.15520000000094 0.579794038510079
0.155600000000943 0.561897317550331
0.156000000000944 0.523854659697276
