# Fix print output for fix out1
-5.7500953930749e-16 0.120089332336675
9.9999999999513e-05 0.115738323170771
0.000199999999999313 0.139344779605741
0.000299999999999401 0.131404248433797
0.000399999999999489 0.0872594031868389
0.00049999999999929 0.077571246258216
0.000599999999999378 0.0754562666205805
0.000699999999999466 0.0467369027852143
0.000799999999999554 0.0220851653144228
0.000899999999999354 0.0516948873436651
0.000999999999999442 0.0150220238066885
0.00109999999999953 0.0698589714305469
0.00119999999999933 0.0411683409408066
0.00129999999999942 0.1120710516232
0.00139999999999951 0.170064387841333
0.00149999999999931 0.201042382827611
0.0015999999999994 0.203853248958644
0.00169999999999948 0.243045134291716
0.00179999999999928 0.195202083385015
0.00189999999999937 0.201450648667269
0.00199999999999946 0.170576936091898
0.00209999999999955 0.155443270964318
0.00219999999999935 0.122169852354605
0.00229999999999944 0.0881057123371557
0.00239999999999952 0.0489430747993307
0.00249999999999932 0.0711233591904984
0.00259999999999941 0.150859304939094
0.0026999999999995 0.153801403011046
0.0027999999999993 0.214223000223482
0.00289999999999939 0.278399673733502
0.00299999999999948 0.270294154735137
0.00309999999999957 0.296829703101932
0.00319999999999937 0.274719414140311
0.00329999999999945 0.217522305209894
0.00339999999999954 0.189705125683898
0.00349999999999934 0.195304119195922
0.00359999999999943 0.224603374233749
0.00369999999999952 0.211653579852714
0.00379999999999932 0.212622360426606
0.00389999999999941 0.283741974727667
0.00399999999999949 0.294898756432627
0.0040999999999993 0.363354866707184
0.00419999999999938 0.331368838079559
0.00429999999999947 0.363204923890664
0.00439999999999956 0.333772717506227
0.00449999999999936 0.301995651884901
0.00459999999999945 0.301556141594238
0.00469999999999954 0.306972856745625
0.00479999999999934 0.306684044642762
0.00489999999999942 0.282210012842803
0.00499999999999951 0.28600687049914
0.00509999999999931 0.32037584006436
0.0051999999999994 0.345291804865886
0.00529999999999949 0.344628625764166
0.00539999999999929 0.350923644778858
0.00549999999999938 0.335201713000708
0.00559999999999946 0.346924227579546
0.00569999999999955 0.347393955512057
0.00579999999999935 0.322750897449531
0.00589999999999944 0.320932283424618
0.00599999999999953 0.325095307997408
0.00609999999999933 0.346136025414993
0.00619999999999942 0.342805631455947
0.00629999999999951 0.352920514075759
0.00639999999999931 0.340887180469331
0.00649999999999939 0.333376779412674
0.00659999999999948 0.380393782514036
0.00669999999999928 0.360408486841503
0.00679999999999937 0.342214400838361
0.00689999999999946 0.368502440707047
0.00699999999999955 0.413652798756657
0.00709999999999935 0.442035950663282
0.00719999999999944 0.460522062451766
0.00729999999999952 0.471903607803377
0.00739999999999932 0.491347405388446
0.00749999999999941 0.498326577986324
0.0075999999999995 0.493422847407611
0.0076999999999993 0.485250613448641
0.00779999999999939 0.508758420544082
0.00789999999999948 0.475369925751264
0.00799999999999942 0.43855244650541
0.00809999999999936 0.456071970899399
0.00819999999999945 0.480695977193125
0.00829999999999954 0.433603340216873
0.00839999999999934 0.451359862003221
0.00849999999999943 0.486793543444895
0.00859999999999952 0.506172252137179
0.00869999999999932 0.518615124386063
0.00879999999999941 0.52167719001131
0.00889999999999949 0.501476732397768
0.00899999999999929 0.482727296738195
0.00909999999999938 0.504600481721884
0.00919999999999947 0.469690870067243
0.00929999999999956 0.458115748603785
0.00939999999999936 0.471999440096558
0.00949999999999945 0.47534879894565
0.00959999999999953 0.496698578920024
0.00969999999999933 0.485832921062357
0.00979999999999942 0.551756272139803
0.00989999999999951 0.575727084029541
0.00999999999999931 0.633279715708938
0.0100999999999994 0.605434990908826
0.0101999999999995 0.639906011955384
0.0102999999999993 0.625537524763838
0.0103999999999994 0.592046305524633
0.0104999999999995 0.565776312888026
0.0105999999999996 0.57213544039088
0.0106999999999994 0.546300054116884
0.0107999999999994 0.553620771096661
0.0108999999999995 0.547642597353088
0.0109999999999993 0.479877080540195
0.0110999999999994 0.487864031579068
0.0111999999999995 0.501526780264032
0.0112999999999993 0.534624691104367
0.0113999999999994 0.606632226677067
0.0114999999999995 0.614085325590943
0.0115999999999993 0.639030197659255
0.0116999999999994 0.635124675195722
0.0117999999999995 0.673656755692617
0.0118999999999995 0.666163150761845
0.0119999999999993 0.708117117555338
0.0120999999999994 0.772268552068764
0.0121999999999995 0.769656613138787
0.0122999999999993 0.755194148855713
0.0123999999999994 0.7240866328257
0.0124999999999995 0.684894135238129
0.0125999999999993 0.698847704544155
0.0126999999999994 0.689199930423923
0.0127999999999995 0.689364704894869
0.0128999999999993 0.635383718683849
0.0129999999999994 0.638199441142143
0.0130999999999995 0.639139117735884
0.0131999999999995 0.638733601608447
0.0132999999999993 0.666091419852862
0.0133999999999994 0.705088756848806
0.0134999999999995 0.737189709283418
0.0135999999999993 0.767807327935517
0.0136999999999994 0.786678135706053
0.0137999999999995 0.762145788181494
0.0138999999999993 0.754909806315302
0.0139999999999994 0.757974238938075
0.0140999999999995 0.778014816212225
0.0141999999999994 0.748640343384117
0.0142999999999994 0.759335984788985
0.0143999999999994 0.781458428648513
0.0144999999999995 0.78097758075943
0.0145999999999993 0.761659712312547
0.0146999999999994 0.792247238462038
0.0147999999999995 0.770099719882385
0.0148999999999993 0.767703850384409
0.0149999999999994 0.79393897734621
0.0150999999999995 0.797523785022322
0.0151999999999993 0.819605104777221
0.0152999999999994 0.802518109409251
0.0153999999999995 0.82419261376205
0.0154999999999996 0.818893529554149
0.0155999999999994 0.840953395852173
0.0156999999999994 0.829913031354337
0.0157999999999995 0.831896360723531
0.0158999999999993 0.856805682755212
0.0159999999999994 0.895140568867888
0.0160999999999995 0.899418936823348
0.0161999999999993 0.8750137996995
0.0162999999999994 0.894999807515164
0.0163999999999995 0.900922531480576
0.0164999999999993 0.942223641871428
0.0165999999999994 0.929031972931712
0.0166999999999995 0.898075907357897
0.0167999999999995 0.873962310250691
0.0168999999999993 0.879905437269966
0.0169999999999994 0.864063230844592
0.0170999999999995 0.849425509607762
0.0171999999999993 0.900465884509554
0.0172999999999994 0.907069202947815
0.0173999999999995 0.923753494599796
0.0174999999999993 0.978232637524274
0.0175999999999994 0.977207644345182
0.0176999999999995 1.02458131307183
0.0177999999999994 1.04742797330561
0.0178999999999994 1.0340583827649
0.0179999999999995 1.02915695629104
0.0180999999999995 0.970259983227767
0.0181999999999993 0.970925876867352
0.0182999999999994 0.971938791270043
0.0183999999999995 0.927962828765795
0.0184999999999993 0.900446496356153
0.0185999999999994 0.878017953280336
0.0186999999999995 0.927954972869075
0.0187999999999993 1.0207098200359
0.0188999999999994 1.04276134856645
0.0189999999999995 1.09352151799901
0.0190999999999994 1.08393752501573
0.0191999999999994 1.10853134866691
0.0192999999999994 1.08960894585583
0.0193999999999995 1.08552174569831
0.0194999999999993 1.05213736048934
0.0195999999999994 1.05663910801608
0.0196999999999995 1.02246534558248
0.0197999999999993 1.02053544894757
0.0198999999999994 1.03252078416675
0.0199999999999995 1.07024755784851
0.0200999999999993 1.05519722435185
0.0201999999999994 1.09984039023993
0.0202999999999995 1.09116470864558
0.0203999999999996 1.11000252251559
0.0204999999999993 1.11539756806307
0.0205999999999994 1.11755657195961
0.0206999999999995 1.14610923753623
0.0207999999999993 1.15719355541288
0.0208999999999994 1.17082932367111
0.0209999999999995 1.16047949166215
0.0210999999999993 1.13812890359215
0.0211999999999994 1.16072670844969
0.0212999999999995 1.13699726640487
0.0213999999999993 1.14410337276061
0.0214999999999994 1.13310446012349
0.0215999999999995 1.15626868151671
0.0216999999999995 1.13485281028886
0.0217999999999993 1.16686030382674
0.0218999999999994 1.16565287990237
0.0219999999999995 1.15620008517607
0.0220999999999993 1.16472640181591
0.0221999999999994 1.14530910707696
0.0222999999999995 1.15431129206951
0.0223999999999993 1.1901601395054
0.0224999999999994 1.22110599658991
0.0225999999999995 1.21382092144622
0.0226999999999993 1.19978594514294
0.0227999999999994 1.22047227227726
0.0228999999999994 1.22338344301735
0.0229999999999995 1.21197024888916
0.0230999999999993 1.29453881949663
0.0231999999999994 1.30780772541597
0.0232999999999995 1.32140535651661
0.0233999999999993 1.36657569123079
0.0234999999999994 1.3426113557927
0.0235999999999995 1.31594896781228
0.0236999999999993 1.26262512125025
0.0237999999999994 1.22667736156038
0.0238999999999995 1.2217703698028
0.0239999999999994 1.2055471419434
0.0240999999999994 1.24030541963211
0.0241999999999994 1.21055821411952
0.0242999999999995 1.22515264098924
0.0243999999999993 1.24301792582415
0.0244999999999994 1.269968995288
0.0245999999999995 1.32208176421644
0.0246999999999993 1.36043478427181
0.0247999999999994 1.38890875878203
0.0248999999999995 1.37371985219518
0.0249999999999993 1.37880332312153
0.0250999999999994 1.32650954884628
0.0251999999999995 1.34548030686772
0.0252999999999994 1.33779670249382
0.0253999999999994 1.37276152419783
0.0254999999999994 1.36973350604509
0.0255999999999995 1.3547136851287
0.0256999999999993 1.37107881087132
0.0257999999999994 1.40698275411385
0.0258999999999995 1.41865634739475
0.0259999999999993 1.43566920391523
0.0260999999999994 1.49059936758347
0.0261999999999995 1.48651368033415
0.0262999999999993 1.45878371550894
0.0263999999999994 1.46217628443521
0.0264999999999995 1.42827642051943
0.0265999999999995 1.42160456237376
0.0266999999999993 1.43786198864167
0.0267999999999994 1.39318826472647
0.0268999999999995 1.37190881972407
0.0269999999999993 1.38891224152856
0.0270999999999994 1.41774838265439
0.0271999999999995 1.44919766644721
0.0272999999999993 1.48156774325966
0.0273999999999994 1.49940152725742
0.0274999999999995 1.55693018220763
0.0275999999999993 1.53062043485966
0.0276999999999994 1.56645388964436
0.0277999999999995 1.55527504087879
0.0278999999999995 1.55489491722499
0.0279999999999993 1.53090005579499
0.0280999999999994 1.53869059690206
0.0281999999999995 1.5115103406564
0.0282999999999993 1.51321395035341
0.0283999999999994 1.51690918269956
0.0284999999999995 1.5079557051871
0.0285999999999993 1.51509010328687
0.0286999999999994 1.50855272606224
0.0287999999999995 1.53957332949324
0.0288999999999994 1.56702952014843
0.0289999999999994 1.55738110885937
0.0290999999999994 1.58684853306122
0.0291999999999995 1.58289426591916
0.0292999999999993 1.55673823860156
0.0293999999999994 1.56409481149659
0.0294999999999995 1.60951522447767
0.0295999999999993 1.62043646318981
0.0296999999999994 1.61837873097219
0.0297999999999995 1.59862195781846
0.0298999999999993 1.60695914279668
0.0299999999999994 1.61721959006341
0.0300999999999995 1.63881113293167
0.0301999999999994 1.66214748232721
0.0302999999999993 1.66454757687369
0.0303999999999994 1.66512700575431
0.0304999999999995 1.64936893074346
0.0305999999999993 1.62552714940125
0.0306999999999994 1.61539575136595
0.0307999999999995 1.57721669775631
0.0308999999999993 1.56467137114702
0.0309999999999994 1.54252780939269
0.0310999999999995 1.59716989698978
0.0311999999999993 1.67072403529184
0.0312999999999994 1.68274453493136
0.0313999999999995 1.72900899945363
0.0314999999999995 1.73053628359469
0.0315999999999993 1.74860508805012
0.0316999999999994 1.79851254823516
0.0317999999999995 1.8045165086497
0.0318999999999993 1.77551436565691
0.0319999999999994 1.82258445494577
0.0320999999999995 1.82403904139375
0.0321999999999993 1.81925955250035
0.0322999999999994 1.77318004778215
0.0323999999999995 1.71198976571898
0.0324999999999993 1.69261590231348
0.0325999999999994 1.71560070494019
0.0326999999999994 1.73651195989636
0.0327999999999995 1.72702929295444
0.0328999999999993 1.72226728796108
0.0329999999999994 1.74454271975688
0.0330999999999995 1.7505041452432
0.0331999999999993 1.76939807543363
0.0332999999999994 1.81439840800351
0.0333999999999995 1.82187404609441
0.0334999999999993 1.83777614804258
0.0335999999999994 1.8290741504489
0.0336999999999995 1.82952152880469
0.0337999999999994 1.80817857028856
0.0338999999999994 1.80293626399403
0.0339999999999994 1.83065146639892
0.0340999999999995 1.79405073229625
0.0341999999999993 1.82969000128127
0.0342999999999994 1.83495864482819
0.0343999999999995 1.86098852107314
0.0344999999999993 1.9271104586795
0.0345999999999994 1.95392927978889
0.0346999999999995 1.96143072471015
0.0347999999999993 1.95823259118528
0.0348999999999994 2.00376507511955
0.0349999999999995 1.99025688264389
0.0350999999999994 1.94534201689244
0.0351999999999993 1.96413076957209
0.0352999999999994 1.97842750844278
0.0353999999999995 1.90806016036373
0.0354999999999993 1.88324640959189
0.0355999999999994 1.88947660877354
0.0356999999999995 1.86093583923464
0.0357999999999993 1.91400926813472
0.0358999999999994 1.92052796179405
0.0359999999999995 1.94836260814221
0.0360999999999993 1.97122022658226
0.0361999999999994 1.98500970391658
0.0362999999999995 1.97691229168579
0.0363999999999995 1.99194909468259
0.0364999999999993 1.97210645776204
0.0365999999999994 2.01393146863198
0.0366999999999995 2.00048399621988
0.0367999999999993 2.00331235259952
0.0368999999999994 2.01932485714139
0.0369999999999995 2.0388223788058
0.0370999999999993 2.06603139685261
0.0371999999999994 2.09670601647986
0.0372999999999995 2.05820505273854
0.0373999999999993 2.04866147989059
0.0374999999999994 2.04362521453838
0.0375999999999994 2.0877187524336
0.0376999999999995 2.1681215865974
0.0377999999999993 2.16205020970332
0.0378999999999994 2.13011621187021
0.0379999999999995 2.12036132182252
0.0380999999999993 2.09644665737157
0.0381999999999994 2.11942622660455
0.0382999999999995 2.11241619776162
0.0383999999999993 2.13677687073714
0.0384999999999994 2.11494554463188
0.0385999999999995 2.09892032586323
0.0386999999999994 2.10210996758899
0.0387999999999993 2.12983963110015
0.0388999999999994 2.13709346452876
0.0389999999999995 2.16855214119807
0.0390999999999993 2.15381168704671
0.0391999999999994 2.20379100497231
0.0392999999999995 2.19409133561462
0.0393999999999993 2.17075692054365
0.0394999999999994 2.13883097360437
0.0395999999999995 2.10837123842098
0.0396999999999993 2.13360896578917
0.0397999999999994 2.13095249749751
0.0398999999999995 2.13263721378845
0.0399999999999994 2.12523835204969
0.0400999999999993 2.18576993194667
0.0401999999999994 2.1803381170763
0.0402999999999995 2.21935668794494
0.0403999999999993 2.23179229434251
0.0404999999999994 2.26693955071011
0.0405999999999995 2.29552114157639
0.0406999999999993 2.33631484035875
0.0407999999999994 2.38727554582045
0.0408999999999995 2.41900100037723
0.0409999999999993 2.37490830117124
0.0410999999999994 2.33250183362396
0.0411999999999995 2.27638828827811
0.0412999999999994 2.22949092042318
0.0413999999999993 2.24023234754197
0.0414999999999994 2.26713130891001
0.0415999999999995 2.26271892220423
0.0416999999999993 2.29719847406413
0.0417999999999994 2.29781327159162
0.0418999999999995 2.30911418244828
0.0419999999999993 2.32346210544776
0.0420999999999994 2.32662281130823
0.0421999999999995 2.29445220053881
0.0422999999999993 2.32844123830707
0.0423999999999994 2.3530017769408
0.0424999999999994 2.34550142038993
0.0425999999999994 2.32239273558523
0.0426999999999993 2.33543733793508
0.0427999999999994 2.37940478686591
0.0428999999999995 2.39129927725626
0.0429999999999993 2.35775953488373
0.0430999999999994 2.39396438830751
0.0431999999999995 2.3888056914196
0.0432999999999993 2.42617679628103
0.0433999999999994 2.37134308024296
0.0434999999999995 2.36022158540399
0.0435999999999993 2.39328233158695
0.0436999999999994 2.36374748009104
0.0437999999999994 2.30810457174798
0.0438999999999995 2.36350160917196
0.0439999999999993 2.40047860736914
0.0440999999999994 2.43097065406013
0.0441999999999995 2.46382357129617
0.0442999999999993 2.48483353451735
0.0443999999999994 2.51144026504408
0.0444999999999995 2.48202465878348
0.0445999999999993 2.54682072324027
0.0446999999999994 2.54170420628473
0.0447999999999995 2.52708366865692
0.0448999999999994 2.54959862358437
0.0449999999999993 2.5605518498074
0.0450999999999994 2.51411781659166
0.0451999999999995 2.5008391117934
0.0452999999999993 2.48140939362922
0.0453999999999994 2.47503264467571
0.0454999999999995 2.48231377611129
0.0455999999999993 2.49225554749729
0.0456999999999994 2.4677500300311
0.0457999999999995 2.52901185951051
0.0458999999999993 2.52723837625707
0.0459999999999994 2.56111998946021
0.0460999999999995 2.6273951593288
0.0461999999999994 2.61814862657312
0.0462999999999993 2.64799909144321
0.0463999999999994 2.70623538574173
0.0464999999999995 2.6830233916083
0.0465999999999993 2.6938723007985
0.0466999999999994 2.64337005965443
0.0467999999999995 2.64746859533325
0.0468999999999993 2.63304265686771
0.0469999999999994 2.61040210746648
0.0470999999999995 2.60079818971619
0.0471999999999993 2.59004911177135
0.0472999999999994 2.63574630820133
0.0473999999999994 2.62986754865349
0.0474999999999994 2.65062999498761
0.0475999999999993 2.64917834993801
0.0476999999999994 2.61435916712756
0.0477999999999995 2.64477269507221
0.0478999999999993 2.66135504252164
0.0479999999999994 2.69329882731825
0.0480999999999995 2.67947010184529
0.0481999999999993 2.69946856465732
0.0482999999999994 2.72350313571451
0.0483999999999995 2.69381916679705
0.0484999999999993 2.71074298404484
0.0485999999999994 2.73436094997741
0.0486999999999994 2.74252281045333
0.0487999999999995 2.71664038734861
0.0488999999999993 2.7322107541381
0.0489999999999994 2.76455276143577
0.0490999999999995 2.75213258233012
0.0491999999999993 2.79212107882768
0.0492999999999994 2.82784939243314
0.0493999999999995 2.79224182648629
0.0494999999999993 2.80343515331155
0.0495999999999994 2.82864258403182
0.0496999999999995 2.8397576379319
0.0497999999999994 2.83178667317274
0.0498999999999993 2.85169057774458
0.0499999999999994 2.80149542579115
0.0500999999999995 2.80943822264285
0.0501999999999993 2.77344021015633
0.0502999999999994 2.77839056780174
0.0503999999999995 2.78365110339831
0.0504999999999993 2.79220732285176
0.0505999999999994 2.80713296968716
0.0506999999999995 2.83192963289665
0.0507999999999993 2.82861406369296
0.0508999999999994 2.8331278654565
0.0509999999999994 2.79486142184375
0.0510999999999994 2.78899204633148
0.0511999999999993 2.7785812189896
0.0512999999999994 2.78483374681338
0.0513999999999995 2.79683776927177
0.0514999999999993 2.79915039366367
0.0515999999999994 2.80639833691948
0.0516999999999995 2.84360573793061
0.0517999999999993 2.89955106993528
0.0518999999999994 2.90369981822766
0.0519999999999995 2.93010171420645
0.0520999999999993 2.99931633122539
0.0521999999999994 2.9376365746465
0.0522999999999994 2.95714232944082
0.0523999999999994 3.00731832713229
0.0524999999999993 3.02492470017581
0.0525999999999994 3.00349851039155
0.0526999999999995 3.01246007730585
0.0527999999999993 3.00630170990535
0.0528999999999994 3.00715449893548
0.0529999999999995 2.97633578649818
0.0530999999999993 2.94841313167197
0.0531999999999994 2.9334930704671
0.0532999999999995 2.91963050185782
0.0533999999999993 2.95325414544937
0.0534999999999993 3.00061439222661
0.0535999999999994 2.99931843363258
0.0536999999999995 3.0219392869603
0.0537999999999993 3.04735351380676
0.0538999999999994 3.06007037722808
0.0539999999999995 3.01665629930341
0.0540999999999993 3.05985497470654
0.0541999999999994 2.99397866389074
0.0542999999999995 3.01091130275576
0.0543999999999993 3.02440484836187
0.0544999999999994 3.0226284526168
0.0545999999999995 3.06299806984046
0.0546999999999993 3.02830465753257
0.0547999999999993 3.04034686044983
0.0548999999999994 3.11030108040924
0.0549999999999994 3.10151405035529
0.0550999999999993 3.14085105848428
0.0551999999999994 3.15453179646777
0.0552999999999995 3.16679419487994
0.0553999999999993 3.13822488875828
0.0554999999999994 3.17466582364013
0.0555999999999995 3.14151523370289
0.0556999999999993 3.14717239721064
0.0557999999999994 3.13805987495727
0.0558999999999995 3.1059326321341
0.0559999999999994 3.06968323604399
0.0560999999999993 3.1070638114004
0.0561999999999994 3.07773367284859
0.0562999999999995 3.06472258632478
0.0563999999999993 3.09044149174991
0.0564999999999994 3.13865950164481
0.0565999999999995 3.17838779304019
0.0566999999999993 3.18064411928921
0.0567999999999994 3.19325704482701
0.0568999999999995 3.19414596996993
0.0569999999999993 3.17655434855955
0.0570999999999994 3.19531186419475
0.0571999999999994 3.2158711781679
0.0572999999999994 3.22809428055508
0.0573999999999993 3.2712910392246
0.0574999999999994 3.26227612467387
0.0575999999999995 3.31635611289468
0.0576999999999993 3.32625804908763
0.0577999999999994 3.30414564243607
0.0578999999999995 3.27471307641605
0.0579999999999993 3.30889463185697
0.0580999999999994 3.27713328951184
0.0581999999999995 3.26324508860427
0.0582999999999993 3.29453521524806
0.0583999999999993 3.23782752722364
0.0584999999999994 3.26460274751115
0.0585999999999995 3.28989927117912
0.0586999999999993 3.26490745945812
0.0587999999999994 3.32152251370564
0.0588999999999995 3.31393392366089
0.0589999999999993 3.33342435220428
0.0590999999999994 3.33981605077099
0.0591999999999995 3.33854292197219
0.0592999999999993 3.34979824952053
0.0593999999999994 3.30368732890678
0.0594999999999995 3.32021598927065
0.0595999999999993 3.34502894094594
0.0596999999999993 3.33351160241416
0.0597999999999994 3.34682040114273
0.0598999999999994 3.33891762923157
0.0599999999999993 3.31984862827595
0.0600999999999994 3.38730968804467
0.0601999999999995 3.31392216314887
0.0602999999999993 3.36032997108307
0.0603999999999994 3.3661586584689
0.0604999999999995 3.40586351009601
0.0605999999999993 3.41920367606914
0.0606999999999994 3.41648675210756
0.0607999999999994 3.43154614866963
0.0608999999999994 3.48552612522409
0.0609999999999993 3.49199709109557
0.0610999999999994 3.49318689059501
0.0611999999999995 3.53214625628517
0.0612999999999993 3.52151669526075
0.0613999999999994 3.52234984612073
0.0614999999999995 3.54546304784727
0.0615999999999993 3.5318188728675
0.0616999999999994 3.50552002987451
0.0617999999999995 3.55970546818584
0.0618999999999993 3.52002568020729
0.0619999999999994 3.50718391463567
0.0620999999999994 3.48656225019232
0.0621999999999994 3.4711539448586
0.0622999999999993 3.45825028880271
0.0623999999999994 3.44237524351347
0.0624999999999995 3.47738027724731
0.0625999999999993 3.50733649571266
0.0626999999999994 3.52859629261125
0.0627999999999995 3.53709908200941
0.0628999999999993 3.56099176234189
0.0629999999999994 3.58372142140717
0.0630999999999995 3.6136013694318
0.0631999999999993 3.63722742852574
0.0632999999999993 3.63768181229761
0.0633999999999994 3.62374070255673
0.0634999999999994 3.66816439875718
0.0635999999999993 3.62723366619063
0.0636999999999994 3.58115761745345
0.0637999999999995 3.59158812034565
0.0638999999999993 3.56693061623914
0.0639999999999994 3.58401658042631
0.0640999999999995 3.57014011643565
0.0641999999999993 3.57122706525756
0.0642999999999994 3.62456753289353
0.0643999999999995 3.58877492147064
0.0644999999999993 3.64870951644136
0.0645999999999993 3.66136974915363
0.0646999999999994 3.664185600767
0.0647999999999994 3.71542835036761
0.0648999999999993 3.72779904517141
0.0649999999999994 3.68006260879419
0.0650999999999995 3.70264103929972
0.0651999999999993 3.71597181936209
0.0652999999999994 3.69406470127753
0.0653999999999995 3.7416211905399
0.0654999999999993 3.75281509691681
0.0655999999999994 3.72356732856503
0.0656999999999995 3.73253681970886
0.0657999999999992 3.75179260739019
0.0658999999999993 3.78127903576864
0.0659999999999994 3.74989272018198
0.0660999999999995 3.78086240966201
0.0661999999999993 3.77848567210891
0.0662999999999994 3.77240565456967
0.0663999999999995 3.78800184289117
0.0664999999999993 3.80529496823728
0.0665999999999994 3.77377649222705
0.0666999999999995 3.80612484315118
0.0667999999999993 3.81393812160046
0.0668999999999993 3.86673099481528
0.0669999999999994 3.84172944514402
0.0670999999999994 3.86772715385744
0.0671999999999993 3.84093694607768
0.0672999999999994 3.8839254735657
0.0673999999999995 3.85953633245885
0.0674999999999993 3.84328430425699
0.0675999999999994 3.85603593385081
0.0676999999999995 3.82542924290545
0.0677999999999993 3.84273360552739
0.0678999999999994 3.85895666028521
0.0679999999999995 3.8663557421365
0.0680999999999993 3.88357612300465
0.0681999999999993 3.88915466332665
0.0682999999999994 3.88108221053328
0.0683999999999994 3.87322745278423
0.0684999999999993 3.86774590512708
0.0685999999999994 3.86429816065031
0.0686999999999995 3.91238111601405
0.0687999999999993 3.88693281165464
0.0688999999999994 3.84210065376406
0.0689999999999995 3.89843361508417
0.0690999999999993 3.89394889318844
0.0691999999999994 3.90726876534664
0.0692999999999994 3.92658312840719
0.0693999999999993 3.94875916444178
0.0694999999999993 3.97212836186712
0.0695999999999994 3.952488521575
0.0696999999999994 3.97433749849238
0.0697999999999993 3.95003670136578
0.0698999999999994 3.96804219457278
0.0699999999999995 3.9997704260558
0.0700999999999993 3.99673870054893
0.0701999999999994 4.02139913928089
0.0702999999999995 4.0236747790484
0.0703999999999993 4.02439199570393
0.0704999999999994 4.01425492032481
0.0705999999999994 4.0222958784045
0.0706999999999992 4.02720445925914
0.0707999999999993 4.05095316794619
0.0708999999999994 4.03543080585992
0.0709999999999995 4.04593493745006
0.0710999999999993 4.02818026692863
0.0711999999999994 4.01010121462343
0.0712999999999995 3.98589780483552
0.0713999999999993 4.02967276834498
0.0714999999999994 4.0436058510665
0.0715999999999995 4.07692617206329
0.0716999999999993 4.12615372078571
0.0717999999999994 4.05812991637488
0.0718999999999994 4.0951138990576
0.0719999999999994 4.10367389966104
0.0720999999999993 4.11093570859575
0.0721999999999994 4.08215270408395
0.0722999999999994 4.08275121654509
0.0723999999999993 4.10286941866147
0.0724999999999994 4.08040016140676
0.0725999999999995 4.08664326617022
0.0726999999999993 4.12976312242885
0.0727999999999994 4.1271626806387
0.0728999999999995 4.11968038116174
0.0729999999999993 4.13625851480863
0.0730999999999993 4.13014035046104
0.0731999999999994 4.21584130426122
0.0732999999999994 4.20218962410073
0.0733999999999993 4.23843387095568
0.0734999999999994 4.24824591456091
0.0735999999999995 4.2373643038088
0.0736999999999993 4.30598168878957
0.0737999999999994 4.24613680390362
0.0738999999999995 4.20751475678204
0.0739999999999993 4.23021475690788
0.0740999999999994 4.21945015400152
0.0741999999999994 4.21368108609837
0.0742999999999994 4.20939161874739
0.0743999999999993 4.18848770053114
0.0744999999999994 4.22735287109703
0.0745999999999994 4.18939519145124
0.0746999999999993 4.24306527944268
0.0747999999999994 4.24723421113142
0.0748999999999995 4.22772682344836
0.0749999999999993 4.2575802826728
0.0750999999999994 4.2420907019492
0.0751999999999995 4.2662980388174
0.0752999999999993 4.2500289812613
0.0753999999999994 4.32132709657049
0.0754999999999994 4.35487516930228
0.0755999999999994 4.3531688800141
0.0756999999999993 4.32759447824126
0.0757999999999994 4.36502845822223
0.0758999999999995 4.34727686456797
0.0759999999999993 4.34119850416455
0.0760999999999994 4.33608900576297
0.0761999999999995 4.33113811539784
0.0762999999999993 4.30685422700792
0.0763999999999994 4.30894880314639
0.0764999999999995 4.28872332145921
0.0765999999999993 4.33780237993768
0.0766999999999994 4.34392877861496
0.0767999999999994 4.33868517178349
0.0768999999999994 4.3389661509205
0.0769999999999993 4.3250924176367
0.0770999999999994 4.40812665380287
0.0771999999999995 4.33768786707287
0.0772999999999993 4.33573236145247
0.0773999999999994 4.33876858526879
0.0774999999999995 4.40187350370227
0.0775999999999993 4.36754517946248
0.0776999999999994 4.36767271160494
0.0777999999999995 4.39246619910419
0.0778999999999993 4.42420758648996
0.0779999999999993 4.39203099186622
0.0780999999999994 4.42954791526594
0.0781999999999994 4.43552548333836
0.0782999999999993 4.46458371958324
0.0783999999999994 4.44277361948613
0.0784999999999995 4.47609688458313
0.0785999999999993 4.548863559858
0.0786999999999994 4.51282469785778
0.0787999999999995 4.50875666111723
0.0788999999999993 4.49312046599957
0.0789999999999994 4.5170996970326
0.0790999999999994 4.51672279283067
0.0791999999999994 4.51233271437112
0.0792999999999993 4.57362827680921
0.0793999999999994 4.58335120128883
0.0794999999999994 4.5680008518283
0.0795999999999993 4.55245250340512
0.0796999999999994 4.58026689226199
0.0797999999999995 4.53878002860777
0.0798999999999993 4.56485335915982
0.0799999999999994 4.58288271160256
0.0800999999999995 4.54252810615793
0.0801999999999993 4.56220332698101
0.0802999999999994 4.56007333175216
0.0803999999999994 4.57243825263793
0.0804999999999992 4.56974362568709
0.0805999999999993 4.56824649230023
0.0806999999999994 4.5883737269913
0.0807999999999994 4.64183355732183
0.0808999999999993 4.59797607123705
0.0809999999999994 4.61235626783581
0.0810999999999995 4.62509007695088
0.0811999999999993 4.63783199182818
0.0812999999999994 4.68690554986485
0.0813999999999995 4.63326313701673
0.0814999999999993 4.72405154890791
0.0815999999999994 4.66836110010851
0.0816999999999994 4.71111434681206
0.0817999999999994 4.71905376820729
0.0818999999999993 4.70190210625559
0.0819999999999994 4.70526482556678
0.0820999999999994 4.68936355972295
0.0821999999999993 4.73523175356834
0.0822999999999994 4.74243916423444
0.0823999999999995 4.79090108153576
0.0824999999999993 4.76250081242347
0.0825999999999994 4.73727454662875
0.0826999999999995 4.76684593367732
0.0827999999999992 4.76049981548548
0.0828999999999993 4.77944711312459
0.0829999999999994 4.78024393893706
0.0830999999999994 4.80155762494452
0.0831999999999993 4.78514689082325
0.0832999999999994 4.75537100064944
0.0833999999999995 4.75684267045707
0.0834999999999993 4.77420223207825
0.0835999999999994 4.80913530142385
0.0836999999999995 4.80543937124651
0.0837999999999993 4.82367560585456
0.0838999999999994 4.86093696000078
0.0839999999999995 4.83330305022082
0.0840999999999992 4.83190828013184
0.0841999999999993 4.85972277572014
0.0842999999999994 4.85880836808206
0.0843999999999994 4.87397427775623
0.0844999999999993 4.88032693270243
0.0845999999999994 4.89640734722759
0.0846999999999993 4.9160219197587
0.0847999999999993 4.90509248348044
0.0848999999999994 4.86994897590875
0.0849999999999995 4.87560681165178
0.0850999999999993 4.84809530312818
0.0851999999999994 4.86134207440495
0.0852999999999994 4.88524422546704
0.0853999999999994 4.91336200634764
0.0854999999999993 4.85654376001794
0.0855999999999994 4.84318564962338
0.0856999999999995 4.87259459497772
0.0857999999999993 4.87257197771726
0.0858999999999994 4.83072125018794
0.0859999999999995 4.86341284103442
0.0860999999999993 4.89353402716493
0.0861999999999994 4.9301824492035
0.0862999999999995 4.93997579536905
0.0863999999999993 4.9127263457808
0.0864999999999994 4.9256348428624
0.0865999999999994 4.94076394978394
0.0866999999999992 4.9426712202541
0.0867999999999993 4.97888775373773
0.0868999999999994 4.94372579261131
0.0869999999999994 4.94448252986165
0.0870999999999993 4.94377322652026
0.0871999999999994 4.95452634094318
0.0872999999999995 4.93165384947807
0.0873999999999993 4.93336006202939
0.0874999999999994 4.9947142687195
0.0875999999999995 4.98384407025217
0.0876999999999993 4.98398870936518
0.0877999999999993 5.00844629539171
0.0878999999999994 5.052257078478
0.0879999999999994 5.06146576301587
0.0880999999999993 5.0198150575399
0.0881999999999994 5.02390079897737
0.0882999999999995 5.02938358675011
0.0883999999999993 4.98479738894686
0.0884999999999994 4.98592574043678
0.0885999999999995 5.02427816199116
0.0886999999999993 4.95889628476613
0.0887999999999994 5.00309287415842
0.0888999999999995 4.93241602249624
0.0889999999999992 4.95644191179869
0.0890999999999993 4.91331559079975
0.0891999999999994 4.89486817088486
0.0892999999999994 4.90299584034349
0.0893999999999993 4.86993317061456
0.0894999999999994 4.92087608129171
0.0895999999999995 4.97693944866001
0.0896999999999993 4.97683477601087
0.0897999999999994 4.99665010479401
0.0898999999999995 5.01780915980483
0.0899999999999993 5.06759501361905
0.0900999999999993 5.02951202098145
0.0901999999999994 5.0544687001172
0.0902999999999992 5.03099373257492
0.0903999999999993 5.05239356198846
0.0904999999999994 5.106935814297
0.0905999999999994 5.0998172258958
0.0906999999999993 5.13095273629583
0.0907999999999994 5.10932602662903
0.0908999999999995 5.16774530861805
0.0909999999999993 5.19053375902418
0.0910999999999994 5.15530022038546
0.0911999999999995 5.14614628474047
0.0912999999999993 5.13140748216211
0.0913999999999993 5.12288424414099
0.0914999999999994 5.10047840749791
0.0915999999999994 5.12785079824259
0.0916999999999993 5.11475556576718
0.0917999999999994 5.0879460123162
0.0918999999999994 5.05964673436321
0.0919999999999993 4.99257562626552
0.0920999999999994 4.94435504784349
0.0921999999999995 4.91615783726224
0.0922999999999993 4.86516885191813
0.0923999999999994 4.7339042588873
0.0924999999999995 4.70201369908512
0.0925999999999993 4.56117217237424
0.0926999999999993 4.43515940882771
0.0927999999999994 4.26789015270856
0.0928999999999994 4.07380102335225
0.0929999999999993 3.96849494057865
0.0930999999999994 3.84005938220901
0.0931999999999995 3.79590480840192
0.0932999999999993 3.68337942361615
0.0933999999999994 3.48858438038233
0.0934999999999995 3.14347516581318
