# Fix print output for fix out1
2.86372294700063e-16 -0.0544811740478407
0.000100000000000347 -0.0298099964168365
0.000200000000000408 -0.06875009494725
0.000300000000000183 -0.0253220957315215
0.000400000000000244 0.0715514470730068
0.000500000000000305 0.002199603627689
0.000600000000000366 -0.124475003791946
0.000700000000000427 -0.0391931695418847
0.000800000000000202 0.0823661809874036
0.000900000000000263 0.0934936462733759
0.00100000000000032 0.0624854075253444
0.00110000000000038 0.00539207783212353
0.00120000000000016 0.0321926716202638
0.00130000000000022 0.155618468653614
0.00140000000000028 0.177097656531634
0.00150000000000034 0.136856273100352
0.0016000000000004 0.0749380368306829
0.00170000000000018 0.0684441391366008
0.00180000000000024 0.12716961316903
0.0019000000000003 0.203442621610218
0.00200000000000036 0.207316472628355
0.00210000000000042 0.11395001728362
0.0022000000000002 0.161902387877669
0.00230000000000026 0.2230579884685
0.00240000000000032 0.217132758484873
0.00250000000000038 0.173997026405658
0.00260000000000015 0.182599102626514
0.00270000000000022 0.235067786829731
0.00280000000000028 0.380361736312175
0.00290000000000034 0.334073158246352
0.0030000000000004 0.207820243078452
0.00310000000000017 0.168709951671858
0.00320000000000023 0.309164922833021
0.0033000000000003 0.372624585934728
0.00340000000000036 0.328274169963812
0.00350000000000042 0.331378641210259
0.00360000000000019 0.338402941163392
0.00370000000000025 0.352400881345372
0.00380000000000031 0.420567263927711
0.00390000000000038 0.421385910602629
0.00400000000000015 0.383121065659463
0.00410000000000021 0.331680755870287
0.00420000000000027 0.409181070515045
0.00430000000000033 0.524276093371893
0.00440000000000039 0.535077544328647
0.00450000000000017 0.471591540810306
0.00460000000000023 0.412253591301469
0.00470000000000029 0.462824193552207
0.00480000000000035 0.473346876745912
0.00490000000000041 0.487722962067418
0.00500000000000019 0.583738530431798
0.00510000000000025 0.515722199869376
0.00520000000000031 0.413604088763248
0.00530000000000037 0.512740117319187
0.00540000000000015 0.586681102291505
0.00550000000000021 0.57657245380812
0.00560000000000027 0.606812400788412
0.00570000000000033 0.555912986679727
0.00580000000000039 0.512945724521933
0.00590000000000016 0.621167476190283
0.00600000000000022 0.664121093605699
0.00610000000000029 0.569772584686346
0.00620000000000035 0.601331408306315
0.00630000000000041 0.674302764281071
0.00640000000000018 0.629478020516122
0.00650000000000024 0.628093282963005
0.00660000000000031 0.755676704877016
0.00670000000000037 0.7235538461265
0.00680000000000043 0.614225118258201
0.0069000000000002 0.669689378559552
0.00700000000000026 0.754398379271192
0.00710000000000032 0.806323446437252
0.00720000000000038 0.749449588967563
0.00730000000000016 0.687297371843274
0.00740000000000022 0.722551722069269
0.00750000000000028 0.800453723923674
0.00760000000000034 0.814446664896978
0.0077000000000004 0.808173823890916
0.00780000000000018 0.762567436605794
0.00790000000000024 0.78024875248208
0.0080000000000003 0.834896160778553
0.00810000000000036 0.831681665749775
0.00820000000000042 0.826174686299678
0.0083000000000002 0.910679668369385
0.00840000000000026 0.920289427931239
0.00850000000000032 0.757278750710974
0.00860000000000038 0.82581499014456
0.00870000000000015 1.03032749169224
0.00880000000000022 0.984508716457518
0.00890000000000028 0.825479788457166
0.00900000000000034 0.843294970977322
0.0091000000000004 0.957939280243339
0.00920000000000017 1.06196539631298
0.00930000000000024 0.97103130273749
0.0094000000000003 0.891228225439803
0.00950000000000036 0.914136874849686
0.00960000000000042 1.00028384540517
0.00970000000000019 1.0578285945115
0.00980000000000025 1.07845601578504
0.00990000000000031 0.965911012487483
0.0100000000000004 0.930546088465528
0.0101000000000002 1.11980608235157
0.0102000000000002 1.1842373936647
0.0103000000000003 1.08600502723998
0.0104000000000003 1.06796768432538
0.0105000000000004 1.0194593898853
0.0106000000000002 1.07657972133879
0.0107000000000002 1.17510759490775
0.0108000000000003 1.15582029273952
0.0109000000000004 1.1246374709544
0.0110000000000004 1.06558381537871
0.0111000000000002 1.10874936246951
0.0112000000000002 1.18551393509887
0.0113000000000003 1.23778544489934
0.0114000000000004 1.26796082039936
0.0115000000000004 1.18146033088015
0.0116000000000002 1.11145748507205
0.0117000000000003 1.22487474147238
0.0118000000000003 1.31938344725372
0.0119000000000004 1.29502256179401
0.0120000000000002 1.27971383100495
0.0121000000000002 1.21206154620111
0.0122000000000003 1.2496890920149
0.0123000000000003 1.36471341876336
0.0124000000000004 1.3358940565008
0.0125000000000002 1.29591294074974
0.0126000000000002 1.25813160925069
0.0127000000000003 1.3288203512197
0.0128000000000004 1.36104057120747
0.0129000000000004 1.35158316062667
0.0130000000000002 1.34062630374199
0.0131000000000003 1.31738685426517
0.0132000000000003 1.32063325109305
0.0133000000000004 1.47384096312518
0.0134000000000002 1.4441156627909
0.0135000000000002 1.33272810780423
0.0136000000000003 1.36528657358818
0.0137000000000003 1.5463423514734
0.0138000000000004 1.51490513552983
0.0139000000000002 1.41338469422171
0.0140000000000002 1.42533626555372
0.0141000000000003 1.44715730013661
0.0142000000000004 1.5240531360441
0.0143000000000004 1.58658586282703
0.0144000000000002 1.56623466734039
0.0145000000000003 1.42079268345289
0.0146000000000003 1.36621016170205
0.0147000000000004 1.58741464147926
0.0148000000000002 1.5980667927565
0.0149000000000002 1.56228676865627
0.0150000000000003 1.63814071397307
0.0151000000000003 1.53373512598178
0.0152000000000004 1.49430198093737
0.0153000000000002 1.57734510006255
0.0154000000000002 1.68413067982237
0.0155000000000003 1.71377729773957
0.0156000000000004 1.60197786671277
0.0157000000000004 1.5960218863303
0.0158000000000002 1.692290571751
0.0159000000000003 1.75047582691835
0.0160000000000003 1.65856718351772
0.0161000000000004 1.68324988172131
0.0162000000000001 1.71833981750406
0.0163000000000002 1.6890002171288
0.0164000000000003 1.73429231150456
0.0165000000000003 1.7680294099849
0.0166000000000004 1.73525562985506
0.0167000000000002 1.76429211009595
0.0168000000000002 1.77024889792407
0.0169000000000003 1.75881126775894
0.0170000000000004 1.74618569071938
0.0171000000000004 1.78325448988216
0.0172000000000002 1.87260152174045
0.0173000000000002 1.86807184273303
0.0174000000000003 1.80756191305717
0.0175000000000004 1.77907431970072
0.0176000000000004 1.84298043471575
0.0177000000000002 1.95499474791416
0.0178000000000003 1.92556847216811
0.0179000000000003 1.8076288482194
0.0180000000000004 1.87896397572201
0.0181000000000002 1.92902345075286
0.0182000000000002 1.91767606400565
0.0183000000000003 1.97835791802509
0.0184000000000003 1.95500722588974
0.0185000000000004 1.87749686104035
0.0186000000000002 1.99906902023795
0.0187000000000002 2.01224347365486
0.0188000000000003 1.93797843702798
0.0189000000000004 1.98807260475121
0.0190000000000004 2.08221226350945
0.0191000000000002 1.99436789735392
0.0192000000000003 1.97410016508038
0.0193000000000003 2.08233648352237
0.0194000000000004 2.0911379293199
0.0195000000000002 2.02820815496497
0.0196000000000002 2.01325513254327
0.0197000000000003 2.14738089591392
0.0198000000000003 2.17940794218031
0.0199000000000004 2.02696622749706
0.0200000000000002 2.03370140110646
0.0201000000000002 2.15073427695294
0.0202000000000003 2.18948732393424
0.0203000000000004 2.09404370640598
0.0204000000000004 2.13634090152052
0.0205000000000002 2.17957125708795
0.0206000000000003 2.17885129132456
0.0207000000000003 2.16970072063854
0.0208000000000004 2.12889046415136
0.0209000000000002 2.19858253978845
0.0210000000000002 2.32949957246688
0.0211000000000003 2.2706920220134
0.0212000000000003 2.15462033388084
0.0213000000000004 2.20407386096503
0.0214000000000002 2.32450870925148
0.0215000000000002 2.30219494172049
0.0216000000000003 2.24029571787079
0.0217000000000004 2.3168641445754
0.0218000000000004 2.29164509245184
0.0219000000000002 2.29104680433327
0.0220000000000003 2.3189088916767
0.0221000000000003 2.31603452035371
0.0222000000000004 2.33900547549002
0.0223000000000001 2.42823095635979
0.0224000000000002 2.34685968260248
0.0225000000000003 2.30839499749461
0.0226000000000003 2.38528847906146
0.0227000000000004 2.40038275886603
0.0228000000000002 2.38263962813904
0.0229000000000002 2.42618423615705
0.0230000000000003 2.47875321158505
0.0231000000000003 2.47598159282396
0.0232000000000004 2.41521112206106
0.0233000000000002 2.44968755313345
0.0234000000000002 2.42676221366153
0.0235000000000003 2.51033921062519
0.0236000000000004 2.64683839200064
0.0237000000000004 2.55983082069669
0.0238000000000002 2.38211965114754
0.0239000000000003 2.49867970525954
0.0240000000000003 2.59111067277052
0.0241000000000004 2.54742088926879
0.0242000000000002 2.52353328630868
0.0243000000000002 2.63225464203181
0.0244000000000003 2.60831746144365
0.0245000000000003 2.55084553081187
0.0246000000000004 2.63686573110242
0.0247000000000002 2.66179792792711
0.0248000000000002 2.58037154354728
0.0249000000000003 2.54307645154902
0.0250000000000004 2.71956042387606
0.0251000000000004 2.73471498815364
0.0252000000000002 2.61858472052223
0.0253000000000003 2.54130453994695
0.0254000000000003 2.65297065092866
0.0255000000000004 2.80027740703993
0.0256000000000002 2.76462446763418
0.0257000000000002 2.64803513108295
0.0258000000000003 2.63352568164688
0.0259000000000003 2.71478681726594
0.0260000000000004 2.84986448380229
0.0261000000000002 2.76020402364821
0.0262000000000002 2.73014113894904
0.0263000000000003 2.80636919903723
0.0264000000000004 2.80983515737234
0.0265000000000004 2.74440513149201
0.0266000000000002 2.85182108820883
0.0267000000000003 2.82355158400949
0.0268000000000003 2.75842034100299
0.0269000000000004 2.87839461259873
0.0270000000000002 2.90030375598564
0.0271000000000002 2.81111178957289
0.0272000000000003 2.80653326383089
0.0273000000000003 2.84376356416603
0.0274000000000004 2.90918379999087
0.0275000000000002 2.97971874123581
0.0276000000000002 2.89681264581884
0.0277000000000003 2.85475933820634
0.0278000000000004 2.96931119709714
0.0279000000000004 3.00003254496
0.0280000000000002 2.93302916853914
0.0281000000000003 2.93098702190644
0.0282000000000003 3.00865431645074
0.0283000000000004 2.94113446914346
0.0284000000000001 2.93215783905508
0.0285000000000002 2.97384297148023
0.0286000000000003 3.026225892229
0.0287000000000003 3.03049616916347
0.0288000000000004 3.05586091278925
0.0289000000000002 3.02123335465672
0.0290000000000002 3.00889302262045
0.0291000000000003 3.10333983780655
0.0292000000000004 3.11793129770092
0.0293000000000004 3.06141438076959
0.0294000000000002 3.03234016429013
0.0295000000000002 3.1491484383453
0.0296000000000003 3.20374443040877
0.0297000000000004 3.08563239031985
0.0298000000000004 3.03948693302456
0.0299000000000002 3.1875805069163
0.0300000000000003 3.29370899905751
0.0301000000000003 3.15734645635148
0.0302000000000004 3.10406522424168
0.0303000000000002 3.22561806099203
0.0304000000000002 3.2820395905845
0.0305000000000003 3.16595030192072
0.0306000000000003 3.13475472319079
0.0307000000000004 3.24699542449495
0.0308000000000002 3.30062247891345
0.0309000000000002 3.239866220703
0.0310000000000003 3.1837624736877
0.0311000000000004 3.20400523332899
0.0312000000000004 3.27912774636109
0.0313000000000002 3.32588161261007
0.0314000000000003 3.26245774982793
0.0315000000000003 3.2332164769911
0.0316000000000004 3.37286307668097
0.0317000000000002 3.36368264970891
0.0318000000000002 3.27972554551633
0.0319000000000003 3.39764109311391
0.0320000000000003 3.39259374089497
0.0321000000000004 3.31965921229223
0.0322000000000002 3.3725510423682
0.0323000000000002 3.48137234254995
0.0324000000000003 3.40044427151838
0.0325000000000004 3.31374774380817
0.0326000000000004 3.42528395162328
0.0327000000000002 3.47396507338339
0.0328000000000003 3.48147529300468
0.0329000000000003 3.45543534232424
0.0330000000000004 3.47531539066626
0.0331000000000004 3.44770602499807
0.0332000000000002 3.51210834687843
0.0333000000000003 3.65847546342973
0.0334000000000003 3.50480869528195
0.0335000000000004 3.39818701553625
0.0336000000000002 3.54845462029417
0.0337000000000002 3.62848362724358
0.0338000000000003 3.56544388944246
0.0339000000000004 3.52032734824937
0.0340000000000004 3.54946546798527
0.0341000000000002 3.62615514228697
0.0342000000000003 3.59778050045509
0.0343000000000003 3.53151211411496
0.0344000000000004 3.60544768828406
0.0345000000000004 3.68436524963092
0.0346000000000002 3.62649292179129
0.0347000000000003 3.5877721441961
0.0348000000000003 3.59070832023521
0.0349000000000004 3.64917624345565
0.0350000000000002 3.72005068900561
0.0351000000000002 3.71690042709869
0.0352000000000003 3.59206640044686
0.0353000000000004 3.62451152362443
0.0354000000000004 3.74771837510898
0.0355000000000002 3.76984101655994
0.0356000000000002 3.68920995895826
0.0357000000000003 3.68277103732383
0.0358000000000004 3.8155742658877
0.0359000000000004 3.83030131937092
0.0360000000000002 3.74107966758204
0.0361000000000003 3.79271477450666
0.0362000000000003 3.87228178071614
0.0363000000000004 3.77700381611344
0.0364000000000002 3.69593485978586
0.0365000000000002 3.88195831452332
0.0366000000000003 3.90786646673269
0.0367000000000003 3.81534990814839
0.0368000000000004 3.81225526011174
0.0369000000000002 3.87078515297845
0.0370000000000002 3.89521421061354
0.0371000000000003 3.97247737203908
0.0372000000000004 3.88630340607475
0.0373000000000004 3.84746411390703
0.0374000000000002 3.89154936313317
0.0375000000000003 3.92772719509959
0.0376000000000003 3.9445025927825
0.0377000000000004 3.97415606766494
0.0378000000000002 3.9161704054321
0.0379000000000002 3.90204092221512
0.0380000000000003 3.98358535777473
0.0381000000000003 4.05559011621713
0.0382000000000004 4.00581260769311
0.0383000000000002 3.99842867266511
0.0384000000000002 3.98771545082985
0.0385000000000003 4.02818531042894
0.0386000000000004 3.97708894779428
0.0387000000000004 3.93827860912301
0.0388000000000002 4.03765095507079
0.0389000000000003 4.09844594251971
0.0390000000000003 4.05200576662158
0.0391000000000004 4.04188808711823
0.0392000000000002 4.10210298287979
0.0393000000000002 4.08201234026949
0.0394000000000003 4.05658875882969
0.0395000000000003 4.09673671738529
0.0396000000000004 4.14173926749305
0.0397000000000002 4.11462260813149
0.0398000000000002 4.09596903385049
0.0399000000000003 4.20051437333784
0.0400000000000004 4.19705046969798
0.0401000000000004 4.13013117798901
0.0402000000000002 4.17831966665351
0.0403000000000003 4.25371050981791
0.0404000000000003 4.17344653694882
0.0405000000000004 4.14274173795652
0.0406000000000004 4.26175467008466
0.0407000000000002 4.30195445487206
0.0408000000000003 4.23654349956942
0.0409000000000003 4.1641856805479
0.0410000000000004 4.1952705948419
0.0411000000000002 4.37397650528848
0.0412000000000002 4.35384601296763
0.0413000000000003 4.20358280257847
0.0414000000000004 4.25676271045808
0.0415000000000004 4.3290702024299
0.0416000000000002 4.29053001780932
0.0417000000000002 4.33100428617049
0.0418000000000003 4.39958293478716
0.0419000000000004 4.28509906722792
0.0420000000000004 4.29058782577167
0.0421000000000002 4.43891363882778
0.0422000000000003 4.36588258730471
0.0423000000000003 4.31636945771957
0.0424000000000004 4.38103627276652
0.0425000000000002 4.42467330657471
0.0426000000000002 4.4648129323239
0.0427000000000003 4.36101466816681
0.0428000000000003 4.32726423710898
0.0429000000000004 4.48650331955034
0.0430000000000002 4.57088800126279
0.0431000000000002 4.44414583996779
0.0432000000000003 4.38253508338157
0.0433000000000004 4.51117283348723
0.0434000000000004 4.5226858394125
0.0435000000000002 4.5360568497851
0.0436000000000003 4.56131052862069
0.0437000000000003 4.44616839913885
0.0438000000000004 4.4600976257921
0.0439000000000002 4.65312007603821
0.0440000000000002 4.61896171532245
0.0441000000000003 4.52772238231403
0.0442000000000003 4.53628413317186
0.0443000000000004 4.58534379222099
0.0444000000000002 4.57964005582059
0.0445000000000002 4.56949070022768
0.0446000000000003 4.56473168737614
0.0447000000000004 4.60955887206644
0.0448000000000004 4.62315381677428
0.0449000000000002 4.64612092841174
0.0450000000000003 4.63708649247575
0.0451000000000003 4.6752230096026
0.0452000000000004 4.65869283284705
0.0453000000000004 4.63465750999504
0.0454000000000002 4.70336947914941
0.0455000000000003 4.74735550575831
0.0456000000000003 4.73139595426187
0.0457000000000004 4.65505909930487
0.0458000000000002 4.66222325950282
0.0459000000000002 4.8264110573979
0.0460000000000003 4.82017836366156
0.0461000000000004 4.71517390293731
0.0462000000000004 4.71503869380164
0.0463000000000002 4.76380195196897
0.0464000000000003 4.82317837976589
0.0465000000000003 4.74665858946751
0.0466000000000004 4.73485540942578
0.0467000000000004 4.81104366012006
0.0468000000000002 4.8334595629052
0.0469000000000003 4.7934869217261
0.0470000000000003 4.87767259042619
0.0471000000000004 4.85311655195628
0.0472000000000002 4.76121081503384
0.0473000000000002 4.86948728308282
0.0474000000000003 4.88101422485542
0.0475000000000003 4.89709430715402
0.0476000000000004 4.95409189267877
0.0477000000000002 4.93343086558294
0.0478000000000002 4.89596024563032
0.0479000000000003 4.87834812159716
0.0480000000000004 4.87727443482172
0.0481000000000004 5.00134351612588
0.0482000000000002 5.00368370074591
0.0483000000000003 4.87143739388939
0.0484000000000003 4.8841518649938
0.0485000000000004 5.02230112752551
0.0486000000000004 4.99521077256709
0.0487000000000002 4.93164133098978
0.0488000000000003 4.97803298735047
0.0489000000000003 5.07176757164515
0.0490000000000004 4.9847572970703
0.0491000000000002 4.96323446294233
0.0492000000000002 5.00481279539303
0.0493000000000003 5.10375841695134
0.0494000000000004 5.05355641179638
0.0495000000000004 4.99971646578325
0.0496000000000002 5.03106160381558
0.0497000000000003 5.11901178050237
0.0498000000000003 5.19558604948568
0.0499000000000004 5.08760393320198
0.0500000000000002 5.05051718922292
0.0501000000000002 5.08565019422265
0.0502000000000003 5.13331454965929
0.0503000000000003 5.17647380351207
0.0504000000000004 5.1291841480047
0.0505000000000002 5.15466603165123
0.0506000000000002 5.15834845131005
0.0507000000000003 5.14687515636144
0.0508000000000004 5.23755374250285
0.0509000000000004 5.23737634075753
0.0510000000000002 5.10330973140945
0.0511000000000003 5.13927560269976
0.0512000000000003 5.28442062447148
0.0513000000000004 5.27854753780412
0.0514000000000004 5.14968970250665
0.0515000000000002 5.20013803449905
0.0516000000000003 5.36544311757537
0.0517000000000003 5.30269265141406
0.0518000000000004 5.19221625644621
0.0519000000000002 5.25563345372424
0.0520000000000002 5.24852973680315
0.0521000000000003 5.28062320375573
0.0522000000000004 5.38440338299174
0.0523000000000004 5.36669353962424
0.0524000000000002 5.23252781774863
0.0525000000000002 5.26597148268809
0.0526000000000003 5.41292811953883
0.0527000000000004 5.37956948825016
0.0528000000000004 5.27764856264952
0.0529000000000002 5.36190903100572
0.0530000000000003 5.41812855092107
0.0531000000000003 5.41669604997964
0.0532000000000004 5.40575019377274
0.0533000000000002 5.36937233107611
0.0534000000000002 5.40960817411954
0.0535000000000003 5.48333788209111
0.0536000000000003 5.4498883311327
0.0537000000000004 5.44155221315561
0.0538000000000002 5.49706715087903
0.0539000000000002 5.40526187077502
0.0540000000000003 5.45294361605664
0.0541000000000004 5.63151292440472
0.0542000000000004 5.50872890567892
0.0543000000000002 5.39910103629125
0.0544000000000003 5.43887881218457
0.0545000000000003 5.5763499547031
0.0546000000000004 5.51749428681585
0.0547000000000002 5.47238172258714
0.0548000000000002 5.55434221404643
0.0549000000000003 5.59881693714418
0.0550000000000003 5.53550034334932
0.0551000000000004 5.50503636730163
0.0552000000000002 5.56056988325112
0.0553000000000002 5.61132107085793
0.0554000000000003 5.62388113140189
0.0555000000000004 5.59153369127219
0.0556000000000004 5.65316911881958
0.0557000000000002 5.6615086743401
0.0558000000000003 5.6155700179432
0.0559000000000003 5.57186993783173
0.0560000000000004 5.63959727940084
0.0561000000000002 5.70104077847722
0.0562000000000002 5.67127899560876
0.0563000000000003 5.67089654800105
0.0564000000000003 5.63541195072159
0.0565000000000004 5.69388961476493
0.0566000000000002 5.74177097247039
0.0567000000000002 5.69942660644244
0.0568000000000003 5.61386389731582
0.0569000000000004 5.74482659799555
0.0570000000000004 5.76554022741787
0.0571000000000002 5.71903211167185
0.0572000000000003 5.74237332721501
0.0573000000000003 5.76880136051823
0.0574000000000004 5.77239376762355
0.0575000000000004 5.81330118699413
0.0576000000000002 5.76484280358542
0.0577000000000003 5.72188544022744
0.0578000000000003 5.85851143420619
0.0579000000000004 5.87654101884362
0.0580000000000002 5.73021840163669
0.0581000000000002 5.78507717971148
0.0582000000000003 5.90519624056525
0.0583000000000004 5.83798248016819
0.0584000000000004 5.84250614462108
0.0585000000000002 5.89974755226872
0.0586000000000002 5.81021160834783
0.0587000000000003 5.849555242878
0.0588000000000004 5.95285679025405
0.0589000000000004 5.90735009804213
0.0590000000000002 5.95752187516636
0.0591000000000003 5.86952998367751
0.0592000000000003 5.84048973702673
0.0593000000000004 5.93236479719718
0.0594000000000002 6.06521876507218
0.0595000000000002 5.97864680736735
0.0596000000000003 5.85286490396807
0.0597000000000004 5.89178818021106
0.0598000000000004 6.03145304441375
0.0599000000000002 6.02657825961451
0.0600000000000002 5.9236057552254
0.0601000000000003 5.97377938526077
0.0602000000000004 6.05942007782347
0.0603000000000004 5.98646955416663
0.0604000000000002 5.97002742843998
0.0605000000000003 6.08350185476354
0.0606000000000003 6.04687474797462
0.0607000000000004 6.0698143449562
0.0608000000000005 6.13791888416965
0.0609000000000002 6.07434878596609
0.0610000000000003 6.03990791975985
0.0611000000000003 6.02753274410717
0.0612000000000004 6.09148678019934
0.0613000000000002 6.15522287729863
0.0614000000000002 6.07758061582885
0.0615000000000003 6.06237529356361
0.0616000000000004 6.11785680870915
0.0617000000000004 6.16019790546942
0.0618000000000002 6.11847484827455
0.0619000000000003 6.14441402138045
0.0620000000000003 6.13291522243537
0.0621000000000004 6.12327967814323
0.0622000000000004 6.21585733134949
0.0623000000000002 6.14494985020635
0.0624000000000003 6.17004613799372
0.0625000000000003 6.22830751107143
0.0626000000000004 6.16543584121755
0.0627000000000002 6.10857441887042
0.0628000000000002 6.26668980209901
0.0629000000000003 6.30661796481015
0.0630000000000004 6.20345604172835
0.0631000000000004 6.17827583649586
0.0632000000000002 6.21502260451012
0.0633000000000003 6.26173977631009
0.0634000000000003 6.2932874045119
0.0635000000000004 6.28542594033398
0.0636000000000004 6.25177569443744
0.0637000000000002 6.27399179214247
0.0638000000000003 6.33190780351326
0.0639000000000003 6.3336931338417
0.0640000000000004 6.30780981802701
0.0641000000000002 6.33811717029274
0.0642000000000002 6.32292773600944
0.0643000000000003 6.38105014203523
0.0644000000000004 6.38979973068474
0.0645000000000004 6.27398547049293
0.0646000000000002 6.36559399191879
0.0647000000000003 6.41631712078428
0.0648000000000003 6.35559708828878
0.0649000000000004 6.34284360666342
0.0650000000000004 6.40367789157348
0.0651000000000002 6.39436460159724
0.0652000000000003 6.38163687385168
0.0653000000000003 6.32306303086714
0.0654000000000004 6.36718441932123
0.0655000000000002 6.45602094724676
0.0656000000000002 6.47634399982263
0.0657000000000003 6.38699474064861
0.0658000000000003 6.42350669875477
0.0659000000000004 6.49211810254868
0.0660000000000002 6.47473377144457
0.0661000000000002 6.44210539841949
0.0662000000000003 6.49345033044524
0.0663000000000004 6.55245279002635
0.0664000000000004 6.52999149017039
0.0665000000000002 6.50537446456469
0.0666000000000003 6.51254493090127
0.0667000000000003 6.55944880438123
0.0668000000000004 6.56304355077492
0.0669000000000004 6.59170599273981
0.0670000000000002 6.50898090704382
0.0671000000000003 6.51210736450163
0.0672000000000003 6.57870710453339
0.0673000000000004 6.63044993322168
0.0674000000000002 6.56300493207301
0.0675000000000002 6.57767611136985
0.0676000000000003 6.61202435993456
0.0677000000000004 6.66600658450201
0.0678000000000004 6.63151495040538
0.0679000000000002 6.5819620715468
0.0680000000000003 6.64481334578877
0.0681000000000003 6.70126804312004
0.0682000000000004 6.71713788378462
0.0683000000000002 6.64747847330305
0.0684000000000002 6.62687981673098
0.0685000000000003 6.6835471349787
0.0686000000000003 6.73378491342397
0.0687000000000004 6.67412841612712
0.0688000000000002 6.63736374837109
0.0689000000000002 6.7376678901785
0.0690000000000003 6.79336582028993
0.0691000000000004 6.71124152523009
0.0692000000000004 6.63794564588956
0.0693000000000002 6.74535479351518
0.0694000000000003 6.72183407045453
0.0695000000000003 6.76444236828088
0.0696000000000004 6.82857042108761
0.0697000000000004 6.73239687027685
0.0698000000000002 6.73295825224939
0.0699000000000003 6.76872341682275
0.0700000000000003 6.74755142433039
0.0701000000000004 6.83178372421963
0.0702000000000005 6.75886603289121
0.0703000000000002 6.71708172003879
0.0704000000000003 6.79623009455471
0.0705000000000004 6.88148206661734
0.0706000000000004 6.7933696956759
0.0707000000000002 6.74488155205962
0.0708000000000003 6.82878860079001
0.0709000000000003 6.89229124740046
0.0710000000000004 6.86656435487972
0.0711000000000004 6.82955245456875
0.0712000000000002 6.87146249124952
0.0713000000000003 6.95086758158216
0.0714000000000003 6.86984750645098
0.0715000000000004 6.86763250335712
0.0716000000000002 6.96477656902894
0.0717000000000002 6.93370808470179
0.0718000000000003 6.89691930862093
0.0719000000000004 6.93499442925797
0.0720000000000004 6.9196359443393
0.0721000000000002 6.87890494857582
0.0722000000000003 7.0884869337862
0.0723000000000003 6.98818097034453
0.0724000000000004 6.8794391155396
0.0725000000000004 6.90931515902184
0.0726000000000002 7.03831546204433
0.0727000000000003 7.00240813445265
0.0728000000000003 6.97043313878159
0.0729000000000004 6.9952669438774
0.0730000000000005 6.9902368223236
0.0731000000000002 7.00167203802944
0.0732000000000003 7.01375185231804
0.0733000000000004 6.98346696630373
0.0734000000000004 7.025422590627
0.0735000000000002 7.11225526533537
0.0736000000000002 6.98045623830765
0.0737000000000003 7.00705860520394
0.0738000000000004 7.10444102339922
0.0739000000000004 7.08130653826915
0.0740000000000002 7.07201787651703
0.0741000000000003 7.03289609927214
0.0742000000000003 7.04091243024534
0.0743000000000004 7.15230499675706
0.0744000000000004 7.13495561525876
0.0745000000000002 7.0822263522292
0.0746000000000003 7.09667055319925
0.0747000000000003 7.05710724043231
0.0748000000000004 7.17141342593014
0.0749000000000002 7.17221596885669
0.0750000000000002 7.0771009429327
0.0751000000000003 7.11827541386241
0.0752000000000004 7.1577869069481
0.0753000000000004 7.20619137756708
0.0754000000000002 7.26500808908256
0.0755000000000003 7.20202073004843
0.0756000000000003 7.15581300526777
0.0757000000000004 7.18033984256126
0.0758000000000004 7.22237127581851
0.0759000000000002 7.22169877619675
0.0760000000000003 7.21109039303462
0.0761000000000003 7.22041847110882
0.0762000000000004 7.29966138879956
0.0763000000000005 7.23568101624242
0.0764000000000002 7.24159395317607
0.0765000000000003 7.26736458461323
0.0766000000000003 7.27154586688194
0.0767000000000004 7.25611186055806
0.0768000000000002 7.24354754925777
0.0769000000000002 7.3134911771874
0.0770000000000003 7.2765734120453
0.0771000000000004 7.2188648745123
0.0772000000000004 7.32022215570411
0.0773000000000002 7.38349294056755
0.0774000000000003 7.27671995581074
0.0775000000000003 7.24601940014733
0.0776000000000004 7.35310582188636
0.0777000000000002 7.40032191719223
0.0778000000000002 7.31960025262624
0.0779000000000003 7.33918471441751
0.0780000000000003 7.33754785847045
0.0781000000000004 7.31229809620841
0.0782000000000002 7.4164070047623
0.0783000000000002 7.37368508099405
0.0784000000000003 7.33034637978966
0.0785000000000004 7.37157648943594
0.0786000000000004 7.43806733341924
0.0787000000000002 7.48044986511953
0.0788000000000003 7.39645747654566
0.0789000000000003 7.31261897740909
0.0790000000000004 7.41153262864448
0.0791000000000004 7.53194791759556
0.0792000000000002 7.42936070978394
0.0793000000000003 7.36905739322369
0.0794000000000003 7.48318289442385
0.0795000000000004 7.44439684868049
0.0796000000000002 7.41009218509224
0.0797000000000002 7.54842763450926
0.0798000000000003 7.48703809455292
0.0799000000000004 7.38826017130935
0.0800000000000004 7.42355688957826
0.0801000000000002 7.56974137664977
0.0802000000000003 7.54846816263271
0.0803000000000003 7.49300772072782
0.0804000000000004 7.434252747181
0.0805000000000002 7.48499332306505
0.0806000000000002 7.61806795101112
0.0807000000000003 7.60650127088741
0.0808000000000003 7.44236037287027
0.0809000000000004 7.49393688170145
0.0810000000000002 7.55924693958648
0.0811000000000002 7.56761397269504
0.0812000000000003 7.54760424859857
0.0813000000000004 7.54851420094765
0.0814000000000004 7.57305219973886
0.0815000000000002 7.52295695885055
0.0816000000000003 7.57230187425394
0.0817000000000003 7.61461192305632
0.0818000000000004 7.57874545156779
0.0819000000000004 7.55154659164907
0.0820000000000002 7.61535850944867
0.0821000000000003 7.64415412717608
0.0822000000000003 7.61011876605497
0.0823000000000004 7.56328770714563
0.0824000000000005 7.62271656393997
0.0825000000000002 7.64074899230147
0.0826000000000003 7.57751016608984
0.0827000000000004 7.5797701181193
0.0828000000000004 7.65954579387797
0.0829000000000002 7.6765919897958
0.0830000000000003 7.610489861626
0.0831000000000003 7.60585281462128
0.0832000000000004 7.67172635614484
0.0833000000000004 7.60979941004997
0.0834000000000002 7.51960558100384
0.0835000000000003 7.57166698350426
0.0836000000000003 7.63835725708228
0.0837000000000004 7.47593393535492
0.0838000000000002 7.31354416855209
0.0839000000000002 7.35324992976888
0.0840000000000003 7.29509648347872
0.0841000000000004 7.09673300936459
0.0842000000000004 6.94866877336095
0.0843000000000002 6.81927964005071
0.0844000000000002 6.61542679521377
0.0845000000000003 6.29667302738323
0.0846000000000004 5.95508307833258
0.0847000000000004 5.6945885649909
0.0848000000000002 5.30823070795631
