# Fix print output for fix out1
-2.26247677608307e-15 0.0375023397043817
0.000199999999997764 0.19232066204215
0.000399999999997791 0.236877460119216
0.000599999999997818 0.201286496621407
0.000799999999997845 0.244483940487375
0.000999999999997871 0.20226156549333
0.0011999999999979 0.10333135818827
0.00139999999999755 0.268503863513425
0.00159999999999757 0.307173916218696
0.0017999999999976 0.277920169272847
0.00199999999999763 0.376807446844363
0.00219999999999765 0.473720653075758
0.00239999999999768 0.39978493192112
0.00259999999999771 0.655745335202731
0.00279999999999774 0.635499954216338
0.00299999999999776 0.627371533434685
0.00319999999999779 0.733223937134792
0.00339999999999782 0.829784906927722
0.00359999999999784 0.74670113878863
0.00379999999999787 0.760187482207397
0.0039999999999979 0.66797496481176
0.00419999999999755 0.645110883180701
0.00439999999999757 0.664748475001825
0.0045999999999976 0.63987671471704
0.00479999999999763 0.784889901598528
0.00499999999999765 0.744356341132023
0.00519999999999768 0.833475452334126
0.00539999999999771 0.897476005854067
0.00559999999999773 1.04306385014421
0.00579999999999776 1.22493598730954
0.00599999999999779 1.22396143407747
0.00619999999999781 1.29558356955398
0.00639999999999784 1.4952270296554
0.00659999999999787 1.4818216034467
0.00679999999999789 1.38411443520602
0.00699999999999754 1.46992326314386
0.00719999999999757 1.19640174926154
0.0073999999999976 1.33457365946195
0.00759999999999762 1.26658534511356
0.00779999999999765 1.28971879972864
0.00799999999999768 1.30894692866095
0.0081999999999977 1.39234027167506
0.00839999999999773 1.34330889167819
0.00859999999999776 1.46541631247323
0.00879999999999778 1.51859313759129
0.00899999999999781 1.72634656447452
0.00919999999999784 1.78396216691996
0.00939999999999786 1.84745355659024
0.00959999999999789 1.92067325546513
0.00979999999999754 2.12566878734148
0.00999999999999757 2.00342352737975
0.0101999999999976 2.09218383863146
0.0103999999999976 1.9827104898909
0.0105999999999976 1.94990242460043
0.0107999999999977 1.88199410110442
0.0109999999999977 1.87734066036352
0.0111999999999977 1.8027207350933
0.0113999999999978 1.9555636503257
0.0115999999999978 1.95242607561853
0.0117999999999978 1.96877726598358
0.0119999999999978 2.04947579698907
0.0121999999999979 2.06137553423925
0.0123999999999979 2.24123935826365
0.0125999999999975 2.28660745834396
0.0127999999999976 2.37963384611436
0.0129999999999976 2.36063520692637
0.0131999999999976 2.35188195693188
0.0133999999999976 2.437189219298
0.0135999999999977 2.38538009918763
0.0137999999999977 2.39817119233151
0.0139999999999977 2.35306084033876
0.0141999999999978 2.48655539407679
0.0143999999999978 2.4543298721044
0.0145999999999978 2.56922641112802
0.0147999999999978 2.49791736380881
0.0149999999999979 2.59922635680766
0.0151999999999979 2.53228355472061
0.0153999999999975 2.59245873604872
0.0155999999999976 2.65593742592798
0.0157999999999976 2.77199438290093
0.0159999999999976 2.78529681981795
0.0161999999999976 2.878817507214
0.0163999999999977 2.87078605014607
0.0165999999999977 2.8552108148915
0.0167999999999977 2.82446943432278
0.0169999999999977 2.94452276358612
0.0171999999999978 2.74885132480865
0.0173999999999978 3.02745885493904
0.0175999999999978 2.9600267552302
0.0177999999999979 3.04905427274526
0.0179999999999979 3.06038306408438
0.0181999999999975 3.1794950961448
0.0183999999999976 3.23139097252611
0.0185999999999976 3.25038508858557
0.0187999999999976 3.34271908952759
0.0189999999999976 3.38342033998433
0.0191999999999977 3.28287471782716
0.0193999999999977 3.39110439807434
0.0195999999999977 3.42839726836945
0.0197999999999977 3.35475980631571
0.0199999999999978 3.39879382958324
0.0201999999999978 3.33807304219166
0.0203999999999978 3.31200958928129
0.0205999999999979 3.43320627126627
0.0207999999999975 3.4577232400182
0.0209999999999975 3.46703799294052
0.0211999999999976 3.42260660962119
0.0213999999999976 3.47514785152074
0.0215999999999976 3.63006288672546
0.0217999999999976 3.57030008082573
0.0219999999999977 3.81535742907702
0.0221999999999977 3.85758462186627
0.0223999999999977 3.85761556758463
0.0225999999999977 3.93026983328647
0.0227999999999978 4.00907803904344
0.0229999999999978 3.92174294274341
0.0231999999999978 3.92372086211066
0.0233999999999979 3.90302836647595
0.0235999999999975 3.83601221437311
0.0237999999999975 3.77583955004229
0.0239999999999976 3.84061543228486
0.0241999999999976 3.76456057090451
0.0243999999999976 3.76423515726287
0.0245999999999976 4.00044411649315
0.0247999999999977 4.01537025816984
0.0249999999999977 4.15356444422737
0.0251999999999977 4.18361173738664
0.0253999999999977 4.33864322166314
0.0255999999999978 4.38343606656591
0.0257999999999978 4.30447369999968
0.0259999999999978 4.44937393838757
0.0261999999999979 4.40692623963526
0.0263999999999975 4.37118334775158
0.0265999999999975 4.31016362045046
0.0267999999999976 4.24479165497285
0.0269999999999976 4.31946310675745
0.0271999999999976 4.28030720040219
0.0273999999999976 4.35429895784129
0.0275999999999977 4.49053322818347
0.0277999999999977 4.44065504925863
0.0279999999999977 4.50805587411281
0.0281999999999977 4.67698292982498
0.0283999999999978 4.69911113450297
0.0285999999999978 4.84483422398851
0.0287999999999978 4.94488087855699
0.0289999999999979 4.94083353680804
0.0291999999999975 4.86401842344245
0.0293999999999975 4.9168474923483
0.0295999999999976 4.93968475177133
0.0297999999999976 4.8585552781704
0.0299999999999976 4.80717251344609
0.0301999999999976 4.86783073914001
0.0303999999999977 4.84680605159404
0.0305999999999977 4.86210523856253
0.0307999999999977 4.89213370382513
0.0309999999999977 4.82380045206555
0.0311999999999978 5.05090518375461
0.0313999999999978 5.26902920381238
0.0315999999999978 5.45445948499738
0.0317999999999978 5.56234115597233
0.0319999999999975 5.53118818961863
0.0321999999999975 5.55352188464788
0.0323999999999975 5.42912683926945
0.0325999999999976 5.29296136808341
0.0327999999999976 5.4133632935865
0.0329999999999976 5.24426406480929
0.0331999999999977 5.11514630848497
0.0333999999999977 5.2147201611746
0.0335999999999977 5.21910828342787
0.0337999999999977 5.21644478320469
0.0339999999999978 5.40082024379509
0.0341999999999978 5.53351891669929
0.0343999999999978 5.60867153392358
0.0345999999999978 5.71275659583116
0.0347999999999975 5.79641068623307
0.0349999999999975 5.76661347018025
0.0351999999999975 5.73921034788058
0.0353999999999976 5.74729164637825
0.0355999999999976 5.75553872138955
0.0357999999999976 5.76333183218536
0.0359999999999977 5.68138365833008
0.0361999999999977 5.56806443383482
0.0363999999999977 5.54937550939168
0.0365999999999977 5.73995198769748
0.0367999999999978 5.84957742965734
0.0369999999999978 5.89296596550641
0.0371999999999978 5.95253063455565
0.0373999999999975 5.97106312247277
0.0375999999999975 6.09873045751971
0.0377999999999975 6.20123252575624
0.0379999999999975 6.242890664794
0.0381999999999976 6.16033379776745
0.0383999999999976 6.19533234037328
0.0385999999999976 6.26293504115289
0.0387999999999976 6.01864353951981
0.0389999999999977 6.2694425666215
0.0391999999999977 6.20889715777835
0.0393999999999977 6.21805834658757
0.0395999999999978 6.22575852001933
0.0397999999999978 6.04622211914874
0.0399999999999978 6.20274498034935
0.0401999999999975 6.21839171632856
0.0403999999999975 6.4273011573792
0.0405999999999975 6.50549570433651
0.0407999999999975 6.51621624011185
0.0409999999999976 6.6160848655305
0.0411999999999976 6.56769746376494
0.0413999999999976 6.57646345384073
0.0415999999999977 6.71978665828818
0.0417999999999977 6.4632736959345
0.0419999999999977 6.53827514127528
0.0421999999999977 6.58555334691108
0.0423999999999978 6.56706839910145
0.0425999999999978 6.50638639585385
0.0427999999999978 6.79671993714291
0.0429999999999975 6.69657614243778
0.0431999999999975 6.66833893031516
0.0433999999999975 6.72016838169126
0.0435999999999975 6.92795889453619
0.0437999999999976 6.8032678254713
0.0439999999999976 6.95808010466665
0.0441999999999976 6.92590949639839
0.0443999999999976 7.0817993509448
0.0445999999999977 6.93425069738232
0.0447999999999977 6.99768608885081
0.0449999999999977 6.88772133490196
0.0451999999999978 6.98704380671874
0.0453999999999978 6.9371385482242
0.0455999999999978 6.95968131269939
0.0457999999999975 6.99474274235485
0.0459999999999975 6.90790295259956
0.0461999999999975 7.14555574689231
0.0463999999999975 7.14010122062215
0.0465999999999976 7.24262379910897
0.0467999999999976 7.22936917696547
0.0469999999999976 7.17840894038806
0.0471999999999976 7.3082206645139
0.0473999999999977 7.32655567089741
0.0475999999999977 7.28760163574673
0.0477999999999977 7.25998888019442
0.0479999999999978 7.41417856850119
0.0481999999999978 7.31362193867394
0.0483999999999978 7.29273758487044
0.0485999999999975 7.33392870833046
0.0487999999999975 7.43928551879077
0.0489999999999975 7.23228917259917
0.0491999999999975 7.4166842278157
0.0493999999999976 7.48158728870499
0.0495999999999976 7.50945924222452
0.0497999999999976 7.46534380731947
0.0499999999999976 7.76386947951255
0.0501999999999977 7.63339947752018
0.0503999999999977 7.5929582227329
0.0505999999999977 7.66225355604032
0.0507999999999977 7.53516257931737
0.0509999999999978 7.67417688108696
0.0511999999999978 7.5489804176808
0.0513999999999975 7.45119917676151
0.0515999999999975 7.79798347113976
0.0517999999999975 7.67470952324618
0.0519999999999975 7.88376823142246
0.0521999999999976 8.02185979836866
0.0523999999999976 8.08590858876373
0.0525999999999976 7.93893693875284
0.0527999999999976 7.86433470654346
0.0529999999999977 7.91944815403355
0.0531999999999977 7.84432495507254
0.0533999999999977 7.8867091383613
0.0535999999999977 7.85463369220121
0.0537999999999978 7.88129789820687
0.0539999999999974 7.73416506703688
0.0541999999999975 8.0040202578497
0.0543999999999975 8.06444883591326
0.0545999999999975 8.11396587972492
0.0547999999999975 8.20778131497959
0.0549999999999976 8.33810008428213
0.0551999999999976 8.2941546519028
0.0553999999999976 8.29392956441094
0.0555999999999976 8.15481081131669
0.0557999999999977 8.1831016665294
0.0559999999999977 8.27991811050751
0.0561999999999977 8.26448667515257
0.0563999999999977 8.31609569669073
0.0565999999999978 8.19092702389745
0.0567999999999978 8.19027055474846
0.0569999999999974 8.22319904505204
0.0571999999999975 8.3693451384026
0.0573999999999975 8.38554611976277
0.0575999999999975 8.63475649022615
0.0577999999999976 8.56159445996618
0.0579999999999976 8.48856232838409
0.0581999999999976 8.61774168696468
0.0583999999999976 8.6157748587245
0.0585999999999977 8.43576948719647
0.0587999999999977 8.30549590643067
0.0589999999999977 8.48300099483215
0.0591999999999977 8.4651372401226
0.0593999999999978 8.30551161951906
0.0595999999999974 8.40354921497899
0.0597999999999974 8.40059931914593
0.0599999999999975 8.58447252542027
0.0601999999999975 8.76124908214251
0.0603999999999975 8.71207302625619
0.0605999999999976 8.76905055318011
0.0607999999999976 8.86594091060844
0.0609999999999976 8.889967298558
0.0611999999999976 8.60412321379825
0.0613999999999977 8.90224152652006
0.0615999999999977 8.72014631982393
0.0617999999999977 8.6524800294527
0.0619999999999977 8.89589432701612
0.0621999999999978 8.87929168513085
0.0623999999999974 8.74158420742421
0.0625999999999974 9.1010172595069
0.0627999999999975 8.9862001350314
0.0629999999999975 8.81659796296587
0.0631999999999975 8.99064080505416
0.0633999999999976 9.25528229755571
0.0635999999999976 9.03115293051154
0.0637999999999976 8.89775443180766
0.0639999999999976 9.07340426499868
0.0641999999999977 9.10175303771657
0.0643999999999977 9.01069053972787
0.0645999999999977 9.05897963662986
0.0647999999999977 8.90224950299676
0.0649999999999978 9.21832551111944
0.0651999999999974 9.08972486752755
0.0653999999999974 9.10955356087511
0.0655999999999975 9.2741210804359
0.0657999999999975 9.48970094040948
0.0659999999999975 9.3645317856142
0.0661999999999976 9.20399743763999
0.0663999999999976 9.2777549655556
0.0665999999999976 9.24328107649669
0.0667999999999976 9.29561808001224
0.0669999999999977 9.35389386836022
0.0671999999999977 9.29182242455284
0.0673999999999977 9.25386444078487
0.0675999999999977 9.41685394817101
0.0677999999999978 9.5076438954309
0.0679999999999974 9.52456078713141
0.0681999999999974 9.53022164822257
0.0683999999999975 9.47828907922985
0.0685999999999975 9.32687300959627
0.0687999999999975 9.32177739456835
0.0689999999999975 9.33286601468469
0.0691999999999976 9.6384736077044
0.0693999999999976 9.54038552969434
0.0695999999999976 9.7176765634138
0.0697999999999977 9.51973631449965
0.0699999999999977 9.52992864328746
0.0701999999999977 9.46636679249331
0.0703999999999977 9.66723176055685
0.0705999999999974 9.62784952049351
0.0707999999999974 9.56342433881897
0.0709999999999974 9.76554948332098
0.0711999999999975 9.67642088770793
0.0713999999999975 9.72587107233384
0.0715999999999975 9.81989057323755
0.0717999999999975 9.78096692015032
0.0719999999999976 9.80009953502764
0.0721999999999976 10.0218214231249
0.0723999999999976 9.91429044209457
0.0725999999999977 10.0171886032957
0.0727999999999977 9.90453165087294
0.0729999999999977 10.0391591030433
0.0731999999999977 10.1163522772474
0.0733999999999978 9.89818852566386
0.0735999999999974 10.0203451370454
0.0737999999999974 9.98686901977442
0.0739999999999975 9.89351282573112
0.0741999999999975 9.8731821181206
0.0743999999999975 9.8508416153928
0.0745999999999975 9.92123770360823
0.0747999999999976 10.0435433349572
0.0749999999999976 9.91247923808948
0.0751999999999976 10.2246352827643
0.0753999999999976 9.91897821324945
0.0755999999999977 9.77280178540282
0.0757999999999977 10.106047622403
0.0759999999999977 10.1319826383694
0.0761999999999974 9.99025697717723
0.0763999999999974 10.1033162621758
0.0765999999999974 10.2473660776614
0.0767999999999975 9.88201461719515
0.0769999999999975 9.79136508116351
0.0771999999999975 10.0743907187849
0.0773999999999975 10.1093017899166
0.0775999999999976 10.0864869176036
0.0777999999999976 10.3491886595205
0.0779999999999976 10.1692875572881
0.0781999999999976 10.3465104193551
0.0783999999999977 10.3636432650448
0.0785999999999977 10.4101790390998
0.0787999999999977 10.1968457268391
0.0789999999999974 10.193976314915
0.0791999999999974 10.194338761312
0.0793999999999974 10.2278324408883
0.0795999999999975 10.1841050940696
0.0797999999999975 10.231804873014
0.0799999999999975 10.3560357600336
0.0801999999999975 10.5141007136038
0.0803999999999976 10.5706243611568
0.0805999999999976 10.3625774794845
0.0807999999999976 10.3864589736951
0.0809999999999976 10.6174662211305
0.0811999999999977 10.3733108496661
0.0813999999999977 10.4477820331106
0.0815999999999977 10.7021901950111
0.0817999999999974 10.4781323821233
0.0819999999999974 10.4901160562532
0.0821999999999974 10.4896858200124
0.0823999999999975 10.7616770467986
0.0825999999999975 10.6386323322465
0.0827999999999975 10.5364062007176
0.0829999999999975 10.6789005203949
0.0831999999999976 10.5814518354834
0.0833999999999976 10.6449633028496
0.0835999999999976 10.7207029553794
0.0837999999999976 10.5731892382202
0.0839999999999977 10.6492332486438
0.0841999999999977 10.7307230838383
0.0843999999999977 10.506303019728
0.0845999999999974 10.7316517694612
0.0847999999999974 10.540699071462
0.0849999999999974 10.7526859919264
0.0851999999999975 10.9650745848509
0.0853999999999975 10.635108231973
0.0855999999999975 10.674586384539
0.0857999999999975 10.8329295853385
0.0859999999999976 10.5347088973609
0.0861999999999976 10.5697745884426
0.0863999999999976 10.7152971924384
0.0865999999999976 10.62725816866
0.0867999999999977 10.5197355636078
0.0869999999999977 10.7148190418874
0.0871999999999977 10.8708547915303
0.0873999999999974 10.8245629422316
0.0875999999999974 10.9580858591288
0.0877999999999974 11.0954352408351
0.0879999999999975 10.8681335525659
0.0881999999999975 10.7897594094077
0.0883999999999975 10.8940774654245
0.0885999999999975 10.7197323069754
0.0887999999999976 10.7488171290043
0.0889999999999976 10.8971424321188
0.0891999999999976 10.9454001252939
0.0893999999999976 11.082671075717
0.0895999999999977 11.1237715683535
0.0897999999999977 11.0032037897444
0.0899999999999977 10.8016118792211
0.0901999999999974 10.835393409314
0.0903999999999974 10.8348727174295
0.0905999999999974 10.7993350384208
0.0907999999999975 11.111741606571
0.0909999999999975 11.145149889272
0.0911999999999975 11.0720394504984
0.0913999999999975 11.0213680246007
0.0915999999999976 11.1216541443743
0.0917999999999976 10.7941248802979
0.0919999999999976 10.819422207593
0.0921999999999976 10.9643842196768
0.0923999999999977 11.0698894986793
0.0925999999999977 10.887730762594
0.0927999999999973 11.1642146060926
0.0929999999999974 11.2335781155126
0.0931999999999974 11.1101211076068
0.0933999999999974 11.1780365972528
0.0935999999999974 11.1979626900012
0.0937999999999975 11.0301951639664
0.0939999999999975 11.0048718159104
0.0941999999999975 11.1900203284349
0.0943999999999976 11.1992478030034
0.0945999999999976 11.0607701052017
0.0947999999999976 11.299928432957
0.0949999999999976 11.2234900433879
0.0951999999999977 11.2193581303377
0.0953999999999977 11.4260545701076
0.0955999999999977 11.4211480605758
0.0957999999999974 11.0833419680248
0.0959999999999974 11.2229911798615
0.0961999999999974 11.2342922847014
0.0963999999999974 11.3629334416722
0.0965999999999975 11.3806899778245
0.0967999999999975 11.3049153199381
0.0969999999999975 11.5089498799741
0.0971999999999976 11.5194100921755
0.0973999999999976 11.0915230900754
0.0975999999999976 11.0944518669003
0.0977999999999976 11.6058572302708
0.0979999999999977 11.3921827259282
0.0981999999999977 11.2609299070369
0.0983999999999973 11.2518257260778
0.0985999999999974 11.2751486840457
0.0987999999999974 11.2612785188911
0.0989999999999974 11.4983957706127
0.0991999999999974 11.3716022678055
0.0993999999999975 11.3114247987579
0.0995999999999975 11.2990996239858
0.0997999999999975 11.219390077882
0.0999999999999975 11.3105812700678
0.100199999999998 11.6466297195265
0.100399999999998 11.8274257612014
0.100599999999998 11.5676231478809
0.100799999999998 11.5644912422353
0.100999999999998 11.5303472674073
0.101199999999997 11.4814789049646
0.101399999999997 11.4523759460317
0.101599999999997 11.5543930950273
0.101799999999997 11.0337159969116
0.101999999999997 11.5877359970099
0.102199999999997 11.7420993487339
0.102399999999997 11.8151646852159
0.102599999999998 11.8119858059116
0.102799999999998 11.8872821548324
0.102999999999998 11.7118920372365
0.103199999999998 11.66034188362
0.103399999999998 11.5247367714676
0.103599999999998 11.3468503099494
0.103799999999998 11.3806024006985
0.103999999999997 11.5357445563731
0.104199999999997 11.9738062629292
0.104399999999997 11.7935076002909
0.104599999999997 11.6550504704838
0.104799999999997 11.8243239483378
0.104999999999997 11.8351558000533
0.105199999999997 11.5370577469725
0.105399999999998 11.4315908542791
0.105599999999998 11.5460131768386
0.105799999999998 11.6020599499944
0.105999999999998 11.4304874081654
0.106199999999998 11.8454943855486
0.106399999999998 11.8855437264103
0.106599999999998 11.5207106349675
0.106799999999997 11.3953111279218
0.106999999999997 11.4680523452109
0.107199999999997 11.2405251318981
0.107399999999997 10.7501310512631
0.107599999999997 9.51065595769053
0.107799999999997 7.43452438139615
