# Fix print output for fix out1
1.66379739964512e-16 -0.0949614171129574
0.000200000000000113 -0.027864861150457
0.000400000000000059 -0.0945933663238789
0.000600000000000005 -0.00351057903445408
0.000800000000000118 0.116034389962748
0.00100000000000006 0.0403481954036271
0.00120000000000001 0.149806189216035
0.00140000000000012 0.260125252864068
0.00160000000000007 0.291306591805779
0.00180000000000001 0.245515105518067
0.00200000000000013 0.316298462329077
0.00220000000000007 0.251324251210767
0.00240000000000002 0.272956234236657
0.00260000000000013 0.430538425047036
0.00280000000000008 0.418385438250249
0.00300000000000002 0.422280015611316
0.00320000000000014 0.413237738351771
0.00340000000000008 0.474503252237796
0.00360000000000003 0.459873632044163
0.00380000000000014 0.529687516928103
0.00400000000000009 0.431645852015721
0.00420000000000003 0.419618342495435
0.00440000000000015 0.4154851803336
0.00460000000000009 0.433270045055056
0.00480000000000004 0.442846515111228
0.00500000000000015 0.506606094661644
0.0052000000000001 0.468645864411986
0.00540000000000004 0.581695686596628
0.00560000000000016 0.505556055577229
0.0058000000000001 0.65700783985577
0.00600000000000005 0.603912198260577
0.00620000000000016 0.786543662214479
0.00640000000000011 0.734732012985307
0.00660000000000005 0.765360385631997
0.00680000000000017 0.742393157625561
0.00700000000000011 0.804007259654177
0.00720000000000006 0.693909033711973
0.00740000000000001 0.776895572452041
0.00760000000000012 0.779982143865002
0.00780000000000006 0.725582716658266
0.00800000000000001 0.746755496493028
0.00820000000000012 0.834904953237303
0.00840000000000007 0.938072377381243
0.00860000000000002 1.03683350091919
0.00880000000000013 1.18489433522107
0.00900000000000007 1.11664824150503
0.00920000000000002 1.15002347161712
0.00940000000000013 1.26202328205172
0.00960000000000008 1.22131174483198
0.00980000000000003 1.15911666736437
0.0100000000000001 1.23224669729707
0.0102000000000001 1.35538288829776
0.0104 1.33236367149817
0.0106000000000001 1.35452990617812
0.0108000000000001 1.43327918671354
0.011 1.4356866196214
0.0112000000000001 1.27051330319353
0.0114000000000001 1.27178820623011
0.0116 1.31842331443121
0.0118000000000002 1.32459483530152
0.0120000000000001 1.2153282466454
0.0122 1.38587919879213
0.0124000000000002 1.36105310644323
0.0126000000000001 1.45292498689879
0.0128000000000001 1.43511877211225
0.0130000000000002 1.49323589607028
0.0132000000000001 1.66660490142384
0.0134000000000001 1.6056274058217
0.0136000000000002 1.45805260457173
0.0138000000000001 1.51392942854786
0.0140000000000001 1.63320319312467
0.0142 1.68384923943008
0.0144000000000001 1.55590007739133
0.0146000000000001 1.65138075442756
0.0148 1.61750668884845
0.0150000000000001 1.62515357784763
0.0152000000000001 1.82393342967675
0.0154 1.76574283230232
0.0156000000000001 1.86930698210092
0.0158000000000001 1.90928756362577
0.016 1.883498563779
0.0162000000000001 1.82426264827861
0.0164000000000001 1.89296637398907
0.0166 2.09567076184083
0.0168000000000001 2.0664987310247
0.0170000000000001 2.02335000313751
0.0172 2.13247474224257
0.0174000000000001 2.0368301817487
0.0176000000000001 2.03948722217214
0.0178 2.04223857202661
0.0180000000000001 2.06436593439551
0.0182000000000001 2.2249880431189
0.0184 2.16403097841731
0.0186000000000002 2.09329515108064
0.0188000000000001 2.10875736640005
0.019 2.19971832209209
0.0192000000000002 2.1295459725169
0.0194000000000001 2.10244137758027
0.0196000000000001 2.31915607098591
0.0198000000000002 2.36923859868576
0.0200000000000001 2.34872170515727
0.0202000000000001 2.34987973245333
0.0204000000000002 2.35442793873455
0.0206000000000001 2.3778640069066
0.0208000000000001 2.27595561179846
0.0210000000000002 2.34842490915028
0.0212000000000001 2.47223802693122
0.0214000000000001 2.54166574910431
0.0216 2.44444400319387
0.0218000000000001 2.50796016998082
0.0220000000000001 2.46743852458264
0.0222 2.55988118397923
0.0224000000000001 2.50831124418621
0.0226000000000001 2.59037874648119
0.0228 2.4556306984168
0.0230000000000001 2.52524724948484
0.0232000000000001 2.55676327847525
0.0234 2.55079051966665
0.0236000000000001 2.47529797620796
0.0238000000000001 2.7019235268496
0.024 2.66589085864405
0.0242000000000001 2.57357156021305
0.0244000000000001 2.81046485354298
0.0246 2.76515337327234
0.0248000000000001 2.7426059030716
0.0250000000000001 2.79456494455244
0.0252 2.76384174454352
0.0254000000000002 2.6797628343328
0.0256000000000001 2.63191156128358
0.0258 2.77539488432755
0.0260000000000002 2.88085537594839
0.0262000000000001 2.75598027479665
0.0264000000000001 2.97229541685485
0.0266000000000002 2.93117967797716
0.0268000000000001 2.97684458165789
0.0270000000000001 3.16037485103002
0.0272000000000002 3.17980409347445
0.0274000000000001 3.08292585801667
0.0276000000000001 3.04425590980392
0.0278 3.18762602646231
0.0280000000000001 3.14850693825282
0.0282000000000001 3.16760595331152
0.0284 3.21103739035057
0.0286000000000001 3.27074131316737
0.0288000000000001 3.2881108674408
0.029 3.19455359974102
0.0292000000000001 3.16598526537166
0.0294000000000001 3.23551581334186
0.0296 3.17734467353803
0.0298000000000001 3.18541254720607
0.0300000000000001 3.31528775063256
0.0302 3.46543641717238
0.0304000000000001 3.38718438939302
0.0306000000000001 3.28844024216462
0.0308 3.50965990189692
0.0310000000000001 3.38705677498739
0.0312000000000001 3.58537892851541
0.0314 3.37769277251627
0.0316000000000001 3.3705820045669
0.0318000000000001 3.43008508155434
0.032 3.47056780625167
0.0322000000000002 3.6923504600029
0.0324000000000001 3.52124800880039
0.0326 3.57666502219216
0.0328000000000002 3.50417427730002
0.0330000000000001 3.51862643834982
0.0332000000000001 3.72107286107735
0.0334000000000002 3.57006418707684
0.0336000000000001 3.70070097976604
0.0338000000000001 3.67371946488322
0.0340000000000002 3.78798681399648
0.0342000000000001 3.79206868253698
0.0344000000000001 3.88491638810327
0.0346 3.96702799031159
0.0348000000000001 3.91606377747069
0.0350000000000001 3.90454238544311
0.0352 3.92818343183949
0.0354000000000001 4.0226412565471
0.0356000000000001 3.95886244965802
0.0358 4.11189254542535
0.0360000000000001 3.99903206243457
0.0362000000000001 4.04170030273693
0.0364 4.19682743763399
0.0366000000000001 4.3496712293331
0.0368000000000001 4.3983535492512
0.037 4.28790236845237
0.0372000000000001 4.29401556749625
0.0374000000000001 4.38228844548657
0.0376 4.26525392368969
0.0378000000000001 4.20579625896608
0.0380000000000001 4.35924539450195
0.0382 4.26022713078758
0.0384000000000001 4.1193055576923
0.0386000000000001 4.26370883082304
0.0388 4.19433466576794
0.0390000000000002 4.21623501826922
0.0392000000000001 4.36012044134446
0.0394 4.44565681737488
0.0396000000000002 4.36008679469068
0.0398000000000001 4.32326032973841
0.0400000000000001 4.40929206161924
0.0402000000000002 4.44431241244712
0.0404000000000001 4.52969510359588
0.0406000000000001 4.48634587487753
0.0408000000000002 4.51266567355531
0.0410000000000001 4.54302473445053
0.0412000000000001 4.5163050784749
0.0414 4.58858329859497
0.0416000000000001 4.50073105645571
0.0418000000000001 4.52620143383037
0.042 4.55329283512611
0.0422000000000001 4.55234476700202
0.0424000000000001 4.45929087932133
0.0426 4.48405515423758
0.0428000000000001 4.54173483421606
0.0430000000000001 4.57821465675747
0.0432 4.35601041286005
0.0434000000000001 4.43874143678567
0.0436000000000001 4.71684914219861
0.0438 4.54556741839082
0.0440000000000001 4.63514052554676
0.0442000000000001 4.65276936619125
0.0444 4.69179833657693
0.0446000000000001 4.7417131186883
0.0448000000000001 4.83744388368886
0.045 4.93818066807444
0.0452000000000001 4.8319729820405
0.0454000000000001 4.94997629726874
0.0456 4.86036128938448
0.0458000000000002 4.74518993941172
0.0460000000000001 5.01978441626013
0.0462 5.07976227635465
0.0464000000000002 5.18304762547293
0.0466000000000001 5.19823985756444
0.0468000000000001 5.34898929461725
0.0470000000000002 5.23158893710336
0.0472000000000001 5.23304478427723
0.0474000000000001 5.45804694562479
0.0476000000000002 5.29904237626912
0.0478000000000001 5.20885547553139
0.0480000000000001 5.18807077834504
0.0482000000000002 5.32571802504174
0.0484000000000001 5.19947213748651
0.0486000000000001 5.2037914853334
0.0488000000000002 5.16259988782177
0.0490000000000001 5.18041260587578
0.0492000000000001 5.24820886792713
0.0494 5.31503783515601
0.0496000000000001 5.02906157988026
0.0498000000000001 5.22144885345027
0.05 5.26086070815923
0.0502000000000001 5.2543301455839
0.0504000000000001 5.09911085395235
0.0506 5.3521745628763
0.0508000000000001 5.2018182948248
0.0510000000000001 5.20904626294923
0.0512 5.36709047556916
0.0514000000000001 5.17089288712387
0.0516000000000001 5.23673599506959
0.0518 5.25195016628464
0.0520000000000002 5.27663324712252
0.0522000000000001 5.35565981039573
0.0524 5.35735057512034
0.0526000000000002 5.61969594069597
0.0528000000000001 5.50191837008082
0.053 5.5702293791619
0.0532000000000002 5.7520848601321
0.0534000000000001 5.55030224506254
0.0536000000000001 5.75175361356841
0.0538000000000002 5.78736979440506
0.0540000000000001 5.826952373305
0.0542000000000001 5.78235410438999
0.0544000000000002 5.88420184547463
0.0546000000000001 5.93838078222223
0.0548000000000001 5.85614054632686
0.055 5.67537173877979
0.0552000000000001 5.81187898775845
0.0554000000000001 5.75191837505277
0.0556 5.91191334489063
0.0558000000000001 5.76742963783745
0.0560000000000001 5.88381422180405
0.0562 5.94013095843616
0.0564000000000001 5.92438053946147
0.0566000000000001 5.75178463200137
0.0568 5.8600078070418
0.0570000000000001 5.91702671460912
0.0572000000000001 5.90032874074559
0.0574 5.85661113429396
0.0576000000000001 5.93026379877697
0.0578000000000001 5.86458425969157
0.058 5.80651442994917
0.0582000000000001 5.75333804896815
0.0584000000000001 5.93968499803743
0.0586 5.91166307684929
0.0588000000000002 5.96999810496267
0.0590000000000001 5.90946437563064
0.0592 6.12603258193301
0.0594000000000002 5.89880227299562
0.0596000000000001 6.08894812316572
0.0598 6.06106905241003
0.0600000000000002 6.19349310601544
0.0602000000000001 6.08001188425858
0.0604000000000001 6.03348426913849
0.0606000000000002 6.27247305422695
0.0608000000000001 6.14485404827854
0.0610000000000001 6.17036205320348
0.0612000000000002 6.21416148998332
0.0614000000000001 6.3686798623577
0.0616000000000001 6.08549513277115
0.0618000000000002 6.17676926019422
0.0620000000000001 6.22957081486236
0.0622000000000001 6.32081337289797
0.0624 6.25236651435786
0.0626000000000001 6.40777281362987
0.0628000000000001 6.30127349288201
0.063 6.22978545152472
0.0632000000000001 6.43114272143682
0.0634000000000001 6.37155122259767
0.0636 6.29519214370719
0.0638000000000001 6.33659421055859
0.0640000000000001 6.26181646558949
0.0642 6.25488505012757
0.0644000000000001 6.41177264149227
0.0646000000000001 6.4303415045846
0.0648 6.25385255009263
0.0650000000000002 6.31842487533797
0.0652000000000001 6.4655682925941
0.0654 6.35362775630489
0.0656000000000002 6.50993298123313
0.0658000000000001 6.29857262781789
0.066 6.33927345361304
0.0662000000000002 6.47813803443061
0.0664000000000001 6.57662529465086
0.0666 6.58562888674246
0.0668000000000002 6.55346654067104
0.0670000000000001 6.66687910165274
0.0672000000000001 6.6346889538403
0.0674000000000002 6.62075678755355
0.0676000000000001 6.47197746566184
0.0678000000000001 6.81308177744397
0.0680000000000002 6.8615742851096
0.0682000000000001 6.98320216480661
0.0684000000000001 6.70894454992689
0.0686 6.89797210305842
0.0688000000000001 6.84731136429044
0.0690000000000001 6.64525197371678
0.0692 6.80830278003012
0.0694000000000001 6.79593249341379
0.0696000000000001 6.6312949443591
0.0698 6.8074812835984
0.0700000000000001 6.83075463263818
0.0702000000000001 6.73523125946043
0.0704 6.6461354713234
0.0706000000000001 6.69971652556117
0.0708000000000001 6.94693199328428
0.071 6.96686210799827
0.0712000000000001 6.8743995891574
0.0714000000000001 7.00852215263139
0.0716 7.07687556716169
0.0718000000000002 6.81505306300692
0.0720000000000001 7.04060250011182
0.0722 7.06608819001759
0.0724000000000002 6.99174044598617
0.0726000000000001 7.00332895748499
0.0728 7.00094988337751
0.0730000000000002 6.82715373382637
0.0732000000000001 6.84090510393578
0.0734 7.01664343113835
0.0736000000000002 7.08272437253189
0.0738000000000001 6.90861525276183
0.0740000000000001 6.83794815029839
0.0742000000000002 7.0809179816845
0.0744000000000001 6.99424353501874
0.0746000000000001 7.00786647341601
0.0748000000000002 7.18521912298962
0.0750000000000001 7.15579209178996
0.0752000000000001 7.11640639093443
0.0754 7.18839908996681
0.0756000000000001 7.15917206524372
0.0758000000000001 7.07974108462744
0.076 7.34916186678493
0.0762000000000001 7.31053437306166
0.0764000000000001 7.17660176967775
0.0766 7.34884795014328
0.0768000000000001 7.33648210196901
0.0770000000000001 7.11855681840891
0.0772 7.15092602489767
0.0774000000000001 7.46459440003706
0.0776000000000001 7.29189266875862
0.0778 7.2707830968597
0.0780000000000001 7.28750664868386
0.0782000000000001 7.31942612142053
0.0784 7.36873273524827
0.0786000000000002 7.32236170182497
0.0788000000000001 7.32712100639107
0.079 7.29979855122062
0.0792000000000002 7.1557743315368
0.0794000000000001 7.28933749374472
0.0796 7.36583381107906
0.0798000000000002 7.21950207467726
0.0800000000000001 7.11513140287507
0.0802 7.22038673808577
0.0804000000000002 7.20307720548646
0.0806000000000001 7.20905032102053
0.0808000000000001 7.5145204722673
0.0810000000000002 7.32956935878004
0.0812000000000001 7.499084912968
0.0814000000000001 7.49711215354096
0.0816000000000002 7.53533621941132
0.0818000000000001 7.37366743290782
0.0820000000000001 7.50268053554721
0.0822 7.57617956669577
0.0824000000000001 7.36961238615585
0.0826000000000001 7.45505825210981
0.0828 7.40248047431818
0.0830000000000001 7.29613493328025
0.0832000000000001 7.42641574081837
0.0834 7.42509309898747
0.0836000000000001 7.48990651123894
0.0838000000000001 7.37195460335705
0.084 7.50982236420298
0.0842000000000001 7.46193925003948
0.0844000000000001 7.4126054571386
0.0846 7.67529520889051
0.0848000000000002 7.55506209172684
0.0850000000000001 7.74549727972565
0.0852 7.80045741615659
0.0854000000000002 7.94706217239745
0.0856000000000001 7.84494834023583
0.0858 7.96334692165167
0.0860000000000002 7.89619684193093
0.0862000000000001 7.93767947404524
0.0864 7.51126282858658
0.0866000000000002 7.67931260380256
0.0868000000000001 7.72813388104155
0.087 7.71569351292909
0.0872000000000002 7.68339535534015
0.0874000000000001 7.74488702373799
0.0876000000000001 7.61061933168383
0.0878000000000002 7.66575281501713
0.0880000000000001 7.68833245007377
0.0882000000000001 7.69344469584666
0.0884000000000002 7.83685438839261
0.0886000000000001 7.6990391981564
0.0888000000000001 7.68246645068609
0.0890000000000002 7.69263218941445
0.0892000000000001 7.92853275136017
0.0894000000000001 7.82695677328436
0.0896 7.93117633567583
0.0898000000000001 7.77158728385099
0.0900000000000001 7.90965313632
0.0902000000000002 7.77617994781636
0.0904000000000001 7.57298773341636
0.0906000000000001 7.63932388556917
0.0908 7.70349178248738
0.0910000000000001 7.80676816666245
0.0912000000000001 7.60089952429342
0.0914 7.85878281447079
0.0916000000000002 7.71955960679874
0.0918000000000001 7.60541266316794
0.092 7.6532310863494
0.0922000000000002 7.58082833646766
0.0924000000000001 7.00885403499258
0.0926 6.69205188950081
0.0928000000000002 5.48529655072771
