# Fix print output for fix out1
4.24677950925696e-16 -0.113738622782041
0.000100000000000548 -0.108516326482239
0.000200000000000389 -0.0906729186474789
0.000300000000000512 -0.0704840758452738
0.000400000000000352 -0.0537562512636338
0.000500000000000476 -0.0358728886771263
0.000600000000000316 0.0066643916721931
0.00070000000000044 0.0322055881370537
0.000800000000000563 0.042862461214372
0.000900000000000404 0.0569203691779688
0.00100000000000053 0.105626256686188
0.00110000000000037 0.0880500841555286
0.00120000000000049 0.107067086322251
0.00130000000000033 0.123000747575372
0.00140000000000046 0.137789984137768
0.0015000000000003 0.155024569290002
0.00160000000000042 0.136728567457932
0.00170000000000054 0.15912728563489
0.00180000000000038 0.201644894558818
0.00190000000000051 0.185636444339539
0.00200000000000035 0.18319226177654
0.00210000000000047 0.23106543741513
0.00220000000000031 0.247107821644726
0.00230000000000043 0.306934959999796
0.00240000000000056 0.327331940890847
0.0025000000000004 0.351663621647733
0.00260000000000052 0.360881823318835
0.00270000000000036 0.397659280922163
0.00280000000000049 0.384602758342027
0.00290000000000033 0.412308008901662
0.00300000000000045 0.432148904381276
0.00310000000000029 0.433174965207003
0.00320000000000041 0.455025646124329
0.00330000000000054 0.423830226287277
0.00340000000000038 0.450778503824766
0.0035000000000005 0.450652817449793
0.00360000000000034 0.446876046817506
0.00370000000000046 0.480888367446672
0.0038000000000003 0.52963257155658
0.00390000000000043 0.51854886182709
0.00400000000000055 0.595822045060555
0.00410000000000039 0.57951931353951
0.00420000000000052 0.624116805744865
0.00430000000000036 0.642671724411388
0.00440000000000048 0.662155821918529
0.00450000000000032 0.690390037717848
0.00460000000000044 0.684111866286787
0.00470000000000057 0.712217831703185
0.00480000000000041 0.721728062105166
0.00490000000000053 0.68406013160578
0.00500000000000037 0.727080943075446
0.00510000000000049 0.711353764452379
0.00520000000000034 0.716670745768996
0.00530000000000046 0.732590616653256
0.0054000000000003 0.77301565725264
0.00550000000000042 0.772139735252218
0.00560000000000055 0.795115158598638
0.00570000000000039 0.836409170375598
0.00580000000000051 0.867722884789296
0.00590000000000035 0.885154282866674
0.00600000000000047 0.902964854909978
0.00610000000000031 0.918492632714401
0.00620000000000044 0.9701966567917
0.00630000000000056 0.954985539152668
0.0064000000000004 0.99316639870553
0.00650000000000053 1.01541919274726
0.00660000000000037 0.984096279532106
0.00670000000000049 0.980911168581022
0.00680000000000033 1.01200558764154
0.00690000000000045 1.01912850075421
0.00700000000000029 1.0084751086317
0.00710000000000042 1.04561855301223
0.00720000000000054 1.07600007192288
0.00730000000000038 1.09403759668104
0.0074000000000005 1.11168031462569
0.00750000000000034 1.14269290924568
0.00760000000000047 1.16236191020466
0.00770000000000031 1.17230629957194
0.00780000000000043 1.23872243197921
0.00790000000000056 1.28119032110838
0.0080000000000004 1.26222574828298
0.00810000000000052 1.26072979562122
0.00820000000000036 1.2768122246126
0.00830000000000048 1.2765867270011
0.00840000000000032 1.27987198933065
0.00850000000000045 1.28817441641592
0.00860000000000043 1.31420409941044
0.00870000000000041 1.31051812941149
0.00880000000000053 1.31191976003184
0.00890000000000037 1.33445533000441
0.0090000000000005 1.34106846861072
0.00910000000000034 1.38017718203889
0.00920000000000046 1.39698148994283
0.0093000000000003 1.43873476726408
0.00940000000000043 1.46837637247856
0.00950000000000055 1.50241862226616
0.00960000000000039 1.5275289845003
0.00970000000000051 1.51073004178032
0.00980000000000036 1.55037250277748
0.00990000000000048 1.58109376930622
0.0100000000000003 1.58570426472404
0.0101000000000004 1.61428828550166
0.0102000000000006 1.61542752009399
0.0103000000000004 1.60815353773028
0.0104000000000005 1.58801801359036
0.0105000000000004 1.60920921436224
0.0106000000000005 1.61682000914512
0.0107000000000003 1.60548752068468
0.0108000000000005 1.658320753398
0.0109000000000003 1.6745791873656
0.0110000000000004 1.68457956408633
0.0111000000000005 1.72966838308097
0.0112000000000004 1.75067070070725
0.0113000000000005 1.79631751154325
0.0114000000000003 1.82769021973035
0.0115000000000005 1.86397884249627
0.0116000000000003 1.87424524887198
0.0117000000000004 1.89195708101917
0.0118000000000006 1.88040885645932
0.0119000000000004 1.8728838704279
0.0120000000000005 1.85623928075101
0.0121000000000004 1.85643529744489
0.0122000000000005 1.89440944138814
0.0123000000000003 1.89898988666707
0.0124000000000005 1.9054613902985
0.0125000000000003 1.93591710356142
0.0126000000000004 1.93932712148163
0.0127000000000005 1.96157262793757
0.0128000000000004 1.97251501620123
0.0129000000000005 2.01359969175373
0.0130000000000003 2.04408125749037
0.0131000000000005 2.14470124041637
0.0132000000000003 2.16050801708736
0.0133000000000004 2.12214008632266
0.0134000000000006 2.1512560485359
0.0135000000000004 2.19131289233902
0.0136000000000005 2.1781126867292
0.0137000000000004 2.17072369273269
0.0138000000000005 2.17889864934694
0.0139000000000003 2.17760013819273
0.0140000000000004 2.16805270152929
0.0141000000000006 2.16267606910125
0.0142000000000004 2.19403411215055
0.0143000000000005 2.18244179335301
0.0144000000000004 2.23959259929255
0.0145000000000005 2.28762344374135
0.0146000000000003 2.29758534563443
0.0147000000000005 2.35214040833885
0.0148000000000003 2.3699424685176
0.0149000000000004 2.39961541280527
0.0150000000000005 2.39378217154539
0.0151000000000004 2.42943072570955
0.0152000000000005 2.4398520091582
0.0153000000000004 2.44959091047106
0.0154000000000005 2.41254681342236
0.0155000000000003 2.44642432640266
0.0156000000000004 2.40870571370021
0.0157000000000006 2.42465396488647
0.0158000000000004 2.41739431764015
0.0159000000000005 2.4547907565659
0.0160000000000004 2.49231252961726
0.0161000000000005 2.54487258900697
0.0162000000000003 2.55941358149901
0.0163000000000005 2.64621413630951
0.0164000000000003 2.63388392005419
0.0165000000000004 2.69457738645534
0.0166000000000005 2.70065998401574
0.0167000000000004 2.71515425058696
0.0168000000000005 2.71783529428371
0.0169000000000003 2.71830882127786
0.0170000000000005 2.71633013046724
0.0171000000000003 2.70673223246073
0.0172000000000004 2.69949039726308
0.0173000000000006 2.68883808491263
0.0174000000000004 2.68682973394285
0.0175000000000005 2.68726014500487
0.0176000000000004 2.7435899962262
0.0177000000000005 2.79233401108101
0.0178000000000003 2.81342229163659
0.0179000000000005 2.86084180510889
0.0180000000000006 2.90417199881701
0.0181000000000004 2.92179609538595
0.0182000000000005 2.94501086362721
0.0183000000000004 2.93041874255883
0.0184000000000005 2.95466619341419
0.0185000000000003 2.94078740262451
0.0186000000000005 2.99472262436505
0.0187000000000003 2.91814722699482
0.0188000000000004 2.95735923946612
0.0189000000000006 2.96670709979829
0.0190000000000004 2.97611938339872
0.0191000000000005 2.98479044266667
0.0192000000000004 3.01720932198263
0.0193000000000005 3.04181490054577
0.0194000000000003 3.09865314948323
0.0195000000000004 3.11243472832322
0.0196000000000006 3.14651448573511
0.0197000000000004 3.17416628373774
0.0198000000000005 3.17644652081016
0.0199000000000004 3.22360457757548
0.0200000000000005 3.18123516145793
0.0201000000000003 3.20732957914654
0.0202000000000005 3.21112770075028
0.0203000000000003 3.22789689236206
0.0204000000000004 3.20305520968418
0.0205000000000005 3.19362344615181
0.0206000000000004 3.21418081044418
0.0207000000000005 3.24591318751199
0.0208000000000003 3.29235229773414
0.0209000000000005 3.30528121464898
0.0210000000000003 3.37535572118809
0.0211000000000004 3.38651164183297
0.0212000000000006 3.39985870938192
0.0213000000000004 3.41602421806753
0.0214000000000005 3.44375122538736
0.0215000000000004 3.42918323868829
0.0216000000000005 3.43272043615374
0.0217000000000003 3.47381460596382
0.0218000000000005 3.45732750027678
0.0219000000000004 3.45410698843286
0.0220000000000004 3.46001252047291
0.0221000000000005 3.47682235254876
0.0222000000000004 3.52077572844641
0.0223000000000005 3.50797710481459
0.0224000000000003 3.53618494724397
0.0225000000000005 3.57793483170104
0.0226000000000003 3.60988461345884
0.0227000000000004 3.65212624536952
0.0228000000000006 3.68948312985472
0.0229000000000004 3.67634381701343
0.0230000000000005 3.67225210291311
0.0231000000000004 3.72344383264634
0.0232000000000005 3.71776365517921
0.0233000000000003 3.69315889202569
0.0234000000000004 3.71333116952912
0.0235000000000006 3.69945126748619
0.0236000000000004 3.71518147599721
0.0237000000000005 3.75632006065683
0.0238000000000004 3.75716433759342
0.0239000000000005 3.78549983386199
0.0240000000000003 3.79659405602961
0.0241000000000005 3.84346573600541
0.0242000000000003 3.86624026458338
0.0243000000000004 3.90714397814691
0.0244000000000005 3.93418390859886
0.0245000000000004 3.93825557149747
0.0246000000000005 3.97092644699595
0.0247000000000004 3.95471506486348
0.0248000000000005 3.92116613834978
0.0249000000000003 3.94028924471599
0.0250000000000004 3.93723142311278
0.0251000000000006 3.97389706931477
0.0252000000000004 3.95928938533776
0.0253000000000005 3.97108663805129
0.0254000000000004 4.00084349515497
0.0255000000000005 4.01142347719043
0.0256000000000003 4.06824583590428
0.0257000000000005 4.06000614841249
0.0258000000000004 4.11370266183734
0.0259000000000004 4.1271820596949
0.0260000000000005 4.16308981457604
0.0261000000000004 4.2024652119104
0.0262000000000005 4.17920562850316
0.0263000000000004 4.22845392302205
0.0264000000000005 4.22521575500349
0.0265000000000003 4.19987888755087
0.0266000000000004 4.17924760445107
0.0267000000000006 4.23018616055407
0.0268000000000004 4.240502368041
0.0269000000000005 4.26851996277024
0.0270000000000004 4.27551493123939
0.0271000000000005 4.2935413112837
0.0272000000000003 4.32019177324572
0.0273000000000005 4.32130359917674
0.0274000000000006 4.36051547902432
0.0275000000000004 4.39719586210302
0.0276000000000005 4.43733108647564
0.0277000000000004 4.48347797778628
0.0278000000000005 4.4755490490284
0.0279000000000003 4.47979223538257
0.0280000000000005 4.46921027148662
0.0281000000000003 4.48424355346049
0.0282000000000004 4.4558636831494
0.0283000000000006 4.48428827850607
0.0284000000000004 4.46670377337895
0.0285000000000005 4.46878963179607
0.0286000000000004 4.50030956272661
0.0287000000000005 4.51418613725026
0.0288000000000003 4.5467766643816
0.0289000000000004 4.54688789190894
0.0290000000000006 4.65078311893002
0.0291000000000004 4.68278763093642
0.0292000000000005 4.68544248060158
0.0293000000000004 4.69698966610581
0.0294000000000005 4.6580456475865
0.0295000000000003 4.69283767238883
0.0296000000000005 4.68809730527685
0.0297000000000004 4.70090270804218
0.0298000000000004 4.70719032923033
0.0299000000000005 4.64175750748885
0.0300000000000004 4.68779842971802
0.0301000000000005 4.66198220676887
0.0302000000000004 4.70522279031273
0.0303000000000005 4.7459576803096
0.0304000000000003 4.76474584597514
0.0305000000000004 4.79054788223969
0.0306000000000006 4.82239450068335
0.0307000000000004 4.88399929440984
0.0308000000000005 4.88082316580264
0.0309000000000004 4.93010205274129
0.0310000000000005 4.93010678845135
0.0311000000000003 4.9336155825748
0.0312000000000005 4.88419490431006
0.0313000000000006 4.92533537601007
0.0314000000000004 4.90990912490078
0.0315000000000005 4.89773839759987
0.0316000000000004 4.93312174002845
0.0317000000000005 4.93759060803301
0.0318000000000003 4.9532660841135
0.0319000000000005 4.99842164542759
0.0320000000000003 5.01540863745964
0.0321000000000004 5.04730947489216
0.0322000000000006 5.10852820269049
0.0323000000000004 5.10089634925742
0.0324000000000005 5.11362001203646
0.0325000000000004 5.15891810568505
0.0326000000000005 5.13438958592379
0.0327000000000003 5.15241379097985
0.0328000000000004 5.12696785288504
0.0329000000000006 5.14651076406756
0.0330000000000004 5.1669223213127
0.0331000000000005 5.140453656462
0.0332000000000004 5.1641912114431
0.0333000000000005 5.20935998926331
0.0334000000000003 5.2098472911784
0.0335000000000005 5.25367571133334
0.0336000000000004 5.28559529409905
0.0337000000000004 5.30630557127065
0.0338000000000006 5.31528304857222
0.0339000000000004 5.36064691168846
0.0340000000000005 5.33688332113694
0.0341000000000004 5.34162987957416
0.0342000000000005 5.35712203376423
0.0343000000000003 5.36057208511524
0.0344000000000004 5.36738278821554
0.0345000000000006 5.4196211209652
0.0346000000000004 5.41079112954753
0.0347000000000005 5.37606781390413
0.0348000000000004 5.43357786930192
0.0349000000000005 5.46442646648871
0.0350000000000003 5.47010072498739
0.0351000000000005 5.46149475483781
0.0352000000000004 5.50820519804826
0.0353000000000004 5.53485568979572
0.0354000000000005 5.54209716088893
0.0355000000000004 5.542025664136
0.0356000000000005 5.59608983970294
0.0357000000000003 5.55449371783742
0.0358000000000005 5.53490675015732
0.0359000000000003 5.60326459605982
0.0360000000000004 5.56177535388496
0.0361000000000006 5.61152665530169
0.0362000000000004 5.62422012668103
0.0363000000000005 5.65421012577691
0.0364000000000004 5.64074110907831
0.0365000000000005 5.68619254289361
0.0366000000000003 5.71708469706611
0.0367000000000005 5.73697564028543
0.0368000000000006 5.75769350595379
0.0369000000000004 5.74397016585966
0.0370000000000005 5.75820930651876
0.0371000000000004 5.77826554832859
0.0372000000000005 5.76566879850108
0.0373000000000003 5.78494930706429
0.0374000000000005 5.78990908037865
0.0375000000000004 5.76599587033031
0.0376000000000004 5.77750095551096
0.0377000000000006 5.82932975353311
0.0378000000000004 5.84863877191816
0.0379000000000005 5.87442541518659
0.0380000000000004 5.92776159384173
0.0381000000000005 5.93467921786334
0.0382000000000003 5.98322614288175
0.0383000000000005 5.95806816878659
0.0384000000000006 6.00545721178909
0.0385000000000004 5.97507650295931
0.0386000000000005 5.96765584237529
0.0387000000000004 5.98425543601994
0.0388000000000005 5.95828964013325
0.0389000000000003 5.96836435284674
0.0390000000000005 5.93179309566012
0.0391000000000004 6.02094704276164
0.0392000000000004 6.0069388292309
0.0393000000000005 6.06736346912119
0.0394000000000004 6.07702200959665
0.0395000000000005 6.11444187502419
0.0396000000000004 6.10098506604555
0.0397000000000005 6.1337356609865
0.0398000000000003 6.13850435450512
0.0399000000000004 6.17240304274281
0.0400000000000006 6.15401757481777
0.0401000000000004 6.17293227684773
0.0402000000000005 6.15701973577936
0.0403000000000004 6.1618846802977
0.0404000000000005 6.1760109816668
0.0405000000000003 6.19487877681137
0.0406000000000005 6.25211815689026
0.0407000000000006 6.26033326236238
0.0408000000000004 6.27306221691608
0.0409000000000005 6.25294580122366
0.0410000000000004 6.29951381768804
0.0411000000000005 6.3329718618963
0.0412000000000003 6.32744131293275
0.0413000000000005 6.32050852028439
0.0414000000000005 6.32017273769965
0.0415000000000004 6.31082469567227
0.0416000000000006 6.31784618031959
0.0417000000000004 6.3268626973283
0.0418000000000005 6.364445743012
0.0419000000000004 6.3755684027995
0.0420000000000005 6.48411330889938
0.0421000000000003 6.49723068225241
0.0422000000000005 6.5120021776574
0.0423000000000006 6.50703101289818
0.0424000000000004 6.52474353448358
0.0425000000000005 6.51189762140866
0.0426000000000004 6.52340846390608
0.0427000000000005 6.50737723444077
0.0428000000000003 6.50191358659245
0.0429000000000005 6.49657762618773
0.0430000000000004 6.51524805343052
0.0431000000000004 6.54084467764926
0.0432000000000006 6.54958354533896
0.0433000000000004 6.5678277370446
0.0434000000000005 6.58243704680548
0.0435000000000004 6.60919222363665
0.0436000000000005 6.66204962104746
0.0437000000000003 6.64540501422889
0.0438000000000004 6.69372177944808
0.0439000000000006 6.69669481644308
0.0440000000000004 6.68079105956768
0.0441000000000005 6.70484487023745
0.0442000000000004 6.70582384327875
0.0443000000000005 6.70688915071491
0.0444000000000003 6.64405265357805
0.0445000000000005 6.67344263712224
0.0446000000000006 6.74199750456903
0.0447000000000004 6.71746918749009
0.0448000000000005 6.73331945208121
0.0449000000000004 6.78582663207279
0.0450000000000005 6.85475167148953
0.0451000000000004 6.86336795259706
0.0452000000000005 6.8802938098944
0.0453000000000005 6.89241810724276
0.0454000000000004 6.87076450760664
0.0455000000000006 6.91101879247143
0.0456000000000004 6.900281940432
0.0457000000000005 6.92485272600291
0.0458000000000004 6.9067389885048
0.0459000000000005 6.90498855553654
0.0460000000000003 6.92555842518079
0.0461000000000005 6.9254401813935
0.0462000000000006 6.92839171102181
0.0463000000000004 7.00488481818447
0.0464000000000005 7.01611007855505
0.0465000000000004 7.01319301237166
0.0466000000000005 7.03107314758684
0.0467000000000003 7.09537556554738
0.0468000000000005 7.08222533196284
0.0469000000000003 7.09382354824927
0.0470000000000004 7.09080975678216
0.0471000000000006 7.10092489838256
0.0472000000000004 7.08107549719397
0.0473000000000005 7.0910219582473
0.0474000000000004 7.09894812592725
0.0475000000000005 7.10113131921203
0.0476000000000003 7.14880607797403
0.0477000000000005 7.15690726155515
0.0478000000000006 7.16760604040772
0.0479000000000004 7.18887255662227
0.0480000000000005 7.23109012069836
0.0481000000000004 7.24888922376412
0.0482000000000005 7.22543446884679
0.0483000000000003 7.2581887495253
0.0484000000000005 7.26335458751784
0.0485000000000004 7.30556494037892
0.0486000000000004 7.28489363231418
0.0487000000000006 7.27838456782564
0.0488000000000004 7.2928992060247
0.0489000000000005 7.28598256643642
0.0490000000000004 7.28507808532728
0.0491000000000005 7.32204487199588
0.0492000000000005 7.34868984676725
0.0493000000000004 7.3409505229519
0.0494000000000006 7.38458251956812
0.0495000000000004 7.41098454326338
0.0496000000000005 7.43907040647183
0.0497000000000004 7.45092631153947
0.0498000000000005 7.47531024980808
0.0499000000000003 7.46770078901604
0.0500000000000005 7.48858207466794
0.0501000000000006 7.42962746482108
0.0502000000000004 7.464054994701
0.0503000000000005 7.45344541408744
0.0504000000000004 7.46119020038194
0.0505000000000005 7.4718287077385
0.0506000000000004 7.50413593280074
0.0507000000000005 7.51602714985661
0.0508000000000003 7.56112003515753
0.0509000000000004 7.60076507197681
0.0510000000000006 7.60794840388903
0.0511000000000004 7.60502933678688
0.0512000000000005 7.66856328472379
0.0513000000000004 7.59735752115518
0.0514000000000005 7.61086455367
0.0515000000000003 7.60586619050504
0.0516000000000005 7.59597735044516
0.0517000000000006 7.61474911084938
0.0518000000000004 7.66136993862094
0.0519000000000005 7.65138280456208
0.0520000000000004 7.68725586487964
0.0521000000000005 7.68978510465104
0.0522000000000003 7.71063390957802
0.0523000000000005 7.69870968247744
0.0524000000000005 7.77888932237894
0.0525000000000004 7.76518314460322
0.0526000000000006 7.77504398686505
0.0527000000000004 7.77450126641766
0.0528000000000005 7.80228267272632
0.0529000000000004 7.82136802537126
0.0530000000000005 7.76353867332453
0.0531000000000003 7.75640113401166
0.0532000000000004 7.75802921882448
0.0533000000000006 7.81278027038891
0.0534000000000004 7.80791678518963
0.0535000000000005 7.8090818631496
0.0536000000000004 7.85971053853367
0.0537000000000005 7.88426923623966
0.0538000000000003 7.8323709770529
0.0539000000000005 7.89852767746818
0.0540000000000006 7.92947792700041
0.0541000000000004 7.89796046373897
0.0542000000000006 7.94926129842206
0.0543000000000004 7.93635553144988
0.0544000000000005 7.90100285090411
0.0545000000000004 7.91500175935078
0.0546000000000005 7.94988534135315
0.0547000000000003 7.9423914898267
0.0548000000000004 7.9564173089526
0.0549000000000006 8.01328004664634
0.0550000000000004 8.00578754743101
0.0551000000000005 8.05244893287424
0.0552000000000004 8.07268670810952
0.0553000000000005 8.05951528026794
0.0554000000000003 8.04463622212866
0.0555000000000005 8.08074354060217
0.0556000000000006 8.08077699706899
0.0557000000000004 8.08461847425791
0.0558000000000005 8.06045775432396
0.0559000000000004 8.110322758425
0.0560000000000005 8.12693336813189
0.0561000000000004 8.12174790295992
0.0562000000000005 8.1205653543414
0.0563000000000005 8.15402403190591
0.0564000000000004 8.19907965933228
0.0565000000000006 8.21342923649403
0.0566000000000004 8.18486390411063
0.0567000000000005 8.20398165330564
0.0568000000000004 8.2046627976434
0.0569000000000005 8.2047179757533
0.0570000000000003 8.21373066327089
0.0571000000000005 8.2172267167377
0.0572000000000006 8.19653665883274
0.0573000000000004 8.24516532566621
0.0574000000000005 8.23346860668793
0.0575000000000004 8.24531736219941
0.0576000000000005 8.31264887549982
0.0577000000000003 8.34681250616458
0.0578000000000005 8.33501985683606
0.0579000000000006 8.352531975481
0.0580000000000004 8.32357198287402
0.0581000000000006 8.32468355535855
0.0582000000000004 8.36684708338658
0.0583000000000005 8.34482950066108
0.0584000000000004 8.32726251703901
0.0585000000000005 8.35792257119018
0.0586000000000003 8.35961377045292
0.0587000000000004 8.36060522590944
0.0588000000000006 8.36123706159276
0.0589000000000004 8.41555419697041
0.0590000000000005 8.43160997135448
0.0591000000000004 8.42675971837614
0.0592000000000005 8.5170451023604
0.0593000000000003 8.50246308934134
0.0594000000000005 8.48102536942461
0.0595000000000006 8.53430120045041
0.0596000000000004 8.54897910211334
0.0597000000000006 8.49084728158476
0.0598000000000004 8.49997787397033
0.0599000000000005 8.54149220788226
0.0600000000000004 8.56286085410174
0.0601000000000005 8.56914253163321
0.0602000000000005 8.58178866822
0.0603000000000004 8.55793270665621
0.0604000000000006 8.59990733571897
0.0605000000000004 8.60579524112651
0.0606000000000005 8.61124789506724
0.0607000000000004 8.63463441076392
0.0608000000000005 8.66547334248248
0.0609000000000005 8.65539722053859
0.0610000000000005 8.61496744088972
0.0611000000000006 8.69466792245602
0.0612000000000004 8.67338346243687
0.0613000000000005 8.66181742933366
0.0614000000000004 8.67376333829292
0.0615000000000005 8.68943713322223
0.0616000000000003 8.72824750342322
0.0617000000000005 8.76010174541498
0.0618000000000005 8.78336458844048
0.0619000000000004 8.77167954487024
0.0620000000000006 8.73488355384706
0.0621000000000004 8.76561631240539
0.0622000000000005 8.74019350080744
0.0623000000000004 8.75448810232562
0.0624000000000005 8.74313581837626
0.0625000000000003 8.78228187214903
0.0626000000000004 8.77821029126122
0.0627000000000006 8.78903970972117
0.0628000000000004 8.85046853969878
0.0629000000000005 8.86344232994978
0.0630000000000004 8.86251407254214
0.0631000000000005 8.87386460209177
0.0632000000000003 8.88907675605758
0.0633000000000005 8.85053077347218
0.0634000000000006 8.85251079009774
0.0635000000000004 8.87365431243152
0.0636000000000006 8.82072161815317
0.0637000000000004 8.86001559995061
0.0638000000000005 8.88142629227982
0.0639000000000004 8.91351998480049
0.0640000000000005 8.98470006902279
0.0641000000000005 8.99413873802053
0.0642000000000005 8.95430692149514
0.0643000000000006 8.92999103317373
0.0644000000000004 8.97393146160477
0.0645000000000005 8.96760614354044
0.0646000000000004 8.94452909735727
0.0647000000000005 8.96100372733232
0.0648000000000003 8.95419273487452
0.0649000000000005 8.97364532767504
0.0650000000000006 8.98742472481963
0.0651000000000004 9.03642423967886
0.0652000000000005 9.00082175175519
0.0653000000000004 9.13795489671258
0.0654000000000005 9.13682908927235
0.0655000000000003 9.15023390800906
0.0656000000000005 9.0906749809236
0.0657000000000005 9.14131888355611
0.0658000000000004 9.10764324750741
0.0659000000000006 9.1097604850799
0.0660000000000004 9.12269542309718
0.0661000000000005 9.12573936493436
0.0662000000000004 9.13563707856561
0.0663000000000005 9.17916707442246
0.0664000000000003 9.24066385558396
0.0665000000000005 9.20260616340954
0.0666000000000006 9.21852936995366
0.0667000000000004 9.24858310131288
0.0668000000000005 9.17085431342877
0.0669000000000004 9.1903980891277
0.0670000000000005 9.16880781141073
0.0671000000000003 9.18750923331191
0.0672000000000005 9.21662943014746
0.0673000000000005 9.24873833850829
0.0674000000000004 9.25011010692551
0.0675000000000006 9.2719614433544
0.0676000000000004 9.27951646339701
0.0677000000000005 9.2459464826099
0.0678000000000004 9.24143505872194
0.0679000000000005 9.28495906303196
0.0680000000000005 9.30180837276239
0.0681000000000005 9.2886016035864
0.0682000000000006 9.31038850760532
0.0683000000000004 9.29635308761058
0.0684000000000005 9.31642730804872
0.0685000000000004 9.33262786167619
0.0686000000000005 9.35554392291343
0.0687000000000003 9.36271911244201
0.0688000000000005 9.40920401127508
0.0689000000000006 9.40982114325937
0.0690000000000004 9.37471561954554
0.0691000000000005 9.40150071196228
0.0692000000000004 9.40840332692893
0.0693000000000005 9.36946675736676
0.0694000000000004 9.38290416261718
0.0695000000000005 9.38679054355193
0.0696000000000005 9.40411974116789
0.0697000000000004 9.38833407274051
0.0698000000000006 9.44550370124298
0.0699000000000004 9.50154645754052
0.0700000000000005 9.45071721495768
0.0701000000000004 9.48005780272023
0.0702000000000005 9.4998421046763
0.0703000000000003 9.49562492729346
0.0704000000000005 9.47119104882522
0.0705000000000006 9.47283870756952
0.0706000000000004 9.52614559477809
0.0707000000000005 9.47310659047055
0.0708000000000004 9.55643268688445
0.0709000000000005 9.52830990180506
0.0710000000000004 9.51338055774962
0.0711000000000005 9.54720409476732
0.0712000000000006 9.56658616331169
0.0713000000000004 9.59915080696285
0.0714000000000006 9.54062096318379
0.0715000000000004 9.66543136183238
0.0716000000000005 9.65294576113183
0.0717000000000004 9.5534452899116
0.0718000000000005 9.55711670082946
0.0719000000000005 9.54478724028841
0.0720000000000005 9.58154026408037
0.0721000000000006 9.58755144501574
0.0722000000000004 9.6053259378761
0.0723000000000005 9.64541567768832
0.0724000000000004 9.70172749183964
0.0725000000000005 9.708632079153
0.0726000000000003 9.67526732250795
0.0727000000000005 9.71871543987167
0.0728000000000006 9.70562150882413
0.0729000000000004 9.69588968757543
0.0730000000000006 9.71146822705874
0.0731000000000004 9.69264344234024
0.0732000000000005 9.65551724114779
0.0733000000000004 9.65111250054204
0.0734000000000005 9.72208170206065
0.0735000000000005 9.7192376832869
0.0736000000000004 9.70202438282867
0.0737000000000006 9.7543560724581
0.0738000000000004 9.76095575974949
0.0739000000000005 9.8034262109244
0.0740000000000004 9.7718047831023
0.0741000000000005 9.81945081731107
0.0742000000000003 9.82114374175426
0.0743000000000005 9.79587859935849
0.0744000000000006 9.82087628006347
0.0745000000000004 9.7946110064068
0.0746000000000006 9.8015347928945
0.0747000000000004 9.79715334308053
0.0748000000000005 9.82925265178853
0.0749000000000004 9.85809759724893
0.0750000000000005 9.82604647136471
0.0751000000000006 9.89398851057944
0.0752000000000004 9.9418423501212
0.0753000000000006 9.86724144675794
0.0754000000000004 9.85966095401572
0.0755000000000005 9.8421712790353
0.0756000000000004 9.92341881920249
0.0757000000000005 9.90090499080469
0.0758000000000005 9.87874281240814
0.0759000000000005 9.87351126670702
0.0760000000000006 9.91319486106765
0.0761000000000004 9.96552462333495
0.0762000000000005 9.95548513565923
0.0763000000000004 9.98072943568801
0.0764000000000005 10.0441464475343
0.0765000000000003 10.0254938233039
0.0766000000000005 9.99935964817815
0.0767000000000004 9.9833938694073
0.0768000000000004 9.95904504491501
0.0769000000000006 9.93770072687656
0.0770000000000004 9.96304139477557
0.0771000000000005 10.0090095028097
0.0772000000000004 10.0123721895837
0.0773000000000005 9.9651794876356
0.0774000000000005 10.0118434178569
0.0775000000000005 10.0788818514261
0.0776000000000006 10.0856277288936
0.0777000000000004 10.1082470658171
0.0778000000000005 10.1400059228264
0.0779000000000004 10.1219073094605
0.0780000000000005 10.1045007890775
0.0781000000000003 10.1007299393421
0.0782000000000005 10.0864765047064
0.0783000000000006 10.1253410123091
0.0784000000000004 10.1040863986886
0.0785000000000006 10.1016548878892
0.0786000000000004 10.1460643960543
0.0787000000000005 10.1609071592148
0.0788000000000004 10.1471265952116
0.0789000000000005 10.1795813850469
0.0790000000000005 10.207160375791
0.0791000000000004 10.1433097738987
0.0792000000000006 10.181368983525
0.0793000000000004 10.2183091321599
0.0794000000000005 10.1442632075512
0.0795000000000004 10.1968132553018
0.0796000000000005 10.222074344037
0.0797000000000005 10.2159736808999
0.0798000000000005 10.2156157982863
0.0799000000000006 10.2567334725522
0.0800000000000004 10.2503612269365
0.0801000000000005 10.2186047300423
0.0802000000000004 10.2609440867896
0.0803000000000005 10.2656236769134
0.0804000000000005 10.2315742845087
0.0805000000000005 10.281854636804
0.0806000000000006 10.2736010455541
0.0807000000000004 10.2543467934475
0.0808000000000006 10.3043209215087
0.0809000000000004 10.2927332293051
0.0810000000000005 10.294437111702
0.0811000000000004 10.3271464056917
0.0812000000000005 10.3225086008233
0.0813000000000005 10.314794371935
0.0814000000000005 10.2853428060243
0.0815000000000006 10.3310044682203
0.0816000000000004 10.3422088255474
0.0817000000000005 10.3127623213497
0.0818000000000004 10.3010829374644
0.0819000000000005 10.3613118007815
0.0820000000000004 10.3477939708088
0.0821000000000005 10.3831137648967
0.0822000000000006 10.3938043054688
0.0823000000000004 10.4049060551595
0.0824000000000006 10.4050664732089
0.0825000000000004 10.3952963291497
0.0826000000000005 10.3763111389935
0.0827000000000004 10.4068028733102
0.0828000000000005 10.4381374247103
0.0829000000000005 10.3874835606702
0.0830000000000004 10.434449795631
0.0831000000000006 10.4690790637014
0.0832000000000004 10.4498904248019
0.0833000000000005 10.4019101534218
0.0834000000000004 10.4981112132358
0.0835000000000005 10.4345669963029
0.0836000000000005 10.44123955579
0.0837000000000005 10.4907056777472
0.0838000000000006 10.4260852921251
0.0839000000000004 10.512474805152
0.0840000000000005 10.506695878385
0.0841000000000004 10.5405240775486
0.0842000000000005 10.5002726446551
0.0843000000000005 10.5196278206561
0.0844000000000005 10.5066108509525
0.0845000000000006 10.4727936299466
0.0846000000000004 10.4670332705126
0.0847000000000006 10.5599092798331
0.0848000000000004 10.5929357510202
0.0849000000000005 10.5593373045397
0.0850000000000004 10.5225723789865
0.0851000000000005 10.5842420685486
0.0852000000000003 10.6202673713436
0.0853000000000005 10.567964428303
0.0854000000000006 10.5787902911473
0.0855000000000004 10.5995094861161
0.0856000000000006 10.5344041288028
0.0857000000000004 10.550516318793
0.0858000000000005 10.6158887751351
0.0859000000000004 10.6495572949955
0.0860000000000005 10.6355104303772
0.0861000000000006 10.669802763574
0.0862000000000004 10.6416375193829
0.0863000000000006 10.6443011479464
0.0864000000000004 10.6882902067804
0.0865000000000005 10.6848347480986
0.0866000000000004 10.6479144335678
0.0867000000000005 10.6798815631053
0.0868000000000005 10.6790069774051
0.0869000000000004 10.7372263562706
0.0870000000000006 10.6610914083064
0.0871000000000004 10.6799661385036
0.0872000000000005 10.7598032601518
0.0873000000000004 10.7205598822759
0.0874000000000005 10.7625984098045
0.0875000000000005 10.7960722185983
0.0876000000000005 10.7523362592065
0.0877000000000006 10.7191191309465
0.0878000000000004 10.6788069089403
0.0879000000000006 10.7050091420317
0.0880000000000004 10.6990549734751
0.0881000000000005 10.7165400614611
0.0882000000000004 10.7054844214192
0.0883000000000005 10.7542832340081
0.0884000000000006 10.7733670672422
0.0885000000000005 10.776443038868
0.0886000000000006 10.757841912517
0.0887000000000004 10.8148321996343
0.0888000000000005 10.7989925988175
0.0889000000000004 10.7974175963478
0.0890000000000005 10.799795223416
0.0891000000000003 10.7640057680889
0.0892000000000005 10.7674552804559
0.0893000000000006 10.8402084223407
0.0894000000000004 10.8540484026607
0.0895000000000006 10.8341753384102
0.0896000000000004 10.8591642427387
0.0897000000000005 10.8990291123251
0.0898000000000004 10.882736343936
0.0899000000000005 10.88772551586
0.0900000000000006 10.9183764103837
0.0901000000000004 10.883705081369
0.0902000000000006 10.8776461918889
0.0903000000000004 10.8522907812959
0.0904000000000005 10.8555060188234
0.0905000000000004 10.7626099365392
0.0906000000000005 10.9038173893239
0.0907000000000005 10.8767856470184
0.0908000000000005 10.8917275950653
0.0909000000000006 10.9547883480062
0.0910000000000004 10.9986426752021
0.0911000000000005 10.9379487632419
0.0912000000000004 10.9647584842954
0.0913000000000005 10.9272302081012
0.0914000000000005 10.8485054921543
0.0915000000000005 10.8646291855018
0.0916000000000006 10.8938968635472
0.0917000000000004 10.9657598535856
0.0918000000000006 10.91984171426
0.0919000000000004 10.9970479558679
0.0920000000000005 11.0270267302492
0.0921000000000004 11.0066954079514
0.0922000000000005 11.0029019626216
0.0923000000000005 10.9535759509067
0.0924000000000005 10.9429722931734
0.0925000000000006 10.950606332006
0.0926000000000004 10.9724743531195
0.0927000000000005 11.019038654832
0.0928000000000004 11.0297815139813
0.0929000000000005 11.0183567891135
0.0930000000000003 11.1302780745232
0.0931000000000005 11.0584174797154
0.0932000000000006 11.046597092022
0.0933000000000004 11.0961181363937
0.0934000000000006 11.0556580269643
0.0935000000000004 10.9960246373747
0.0936000000000005 11.0538623018228
0.0937000000000004 11.0573987260655
0.0938000000000005 11.0607540899142
0.0939000000000006 11.0428771367542
0.0940000000000004 11.09260738373
0.0941000000000006 11.1059620594011
0.0942000000000004 11.0644292910249
0.0943000000000005 11.0553358880278
0.0944000000000004 11.2150718237951
0.0945000000000005 11.0975921812064
0.0946000000000005 11.0436923449463
0.0947000000000005 11.0958527751319
0.0948000000000006 11.064738709103
0.0949000000000004 11.0822001717274
0.0950000000000005 11.1558204395912
0.0951000000000004 11.193053101945
0.0952000000000005 11.1335392919151
0.0953000000000005 11.2019976399917
0.0954000000000005 11.1457426426127
0.0955000000000006 11.1130743648341
0.0956000000000004 11.1859610724094
0.0957000000000006 11.1897960745729
0.0958000000000004 11.1583610632131
0.0959000000000005 11.2229340312669
0.0960000000000004 11.1671939719367
0.0961000000000005 11.2267800242648
0.0962000000000005 11.2290554711092
0.0963000000000005 11.2341628667401
0.0964000000000006 11.2414513474256
0.0965000000000004 11.2186500002299
0.0966000000000005 11.2111258599586
0.0967000000000004 11.1243350991391
0.0968000000000005 10.9959316563416
0.0969000000000003 10.9142630484515
0.0970000000000005 10.7311285866728
0.0971000000000006 10.4224941243146
0.0972000000000004 10.0859943207409
0.0973000000000006 9.60426461179603
0.0974000000000004 9.13126687403493
