# Fix print output for fix out1
1.58011469355425e-15 -0.0565957997168019
0.000200000000001466 -0.0676169319525558
0.000400000000001496 -0.0117873051233615
0.000600000000001526 0.0889824047738428
0.000800000000001556 0.2770101221734
0.00100000000000144 0.366320054563674
0.00120000000000147 0.442799631855969
0.0014000000000015 0.37580870673084
0.00160000000000153 0.327855379629983
0.00180000000000156 0.289163135612554
0.00200000000000145 0.37110273272798
0.00220000000000148 0.259545525315562
0.00240000000000151 0.288965876297303
0.00260000000000154 0.144586827288378
0.00280000000000157 0.171614683625972
0.00300000000000145 0.0154442586362345
0.00320000000000148 -0.0846020583573405
0.00340000000000151 0.00789021367353695
0.00360000000000154 0.140544847529617
0.00380000000000157 0.234019311643293
0.00400000000000146 0.29609095748819
0.00420000000000149 0.308372081804699
0.00440000000000152 0.331212262118244
0.00460000000000155 0.572693513325694
0.00480000000000158 0.583919993452397
0.00500000000000146 0.488667206294836
0.00520000000000149 0.409382544056887
0.00540000000000152 0.485743620161419
0.00560000000000155 0.353063246110432
0.00580000000000158 0.351760845851454
0.00600000000000147 0.289095910699144
0.0062000000000015 0.297531255627712
0.00640000000000153 0.338009226419777
0.00660000000000156 0.240459039950136
0.00680000000000159 0.319672274344031
0.00700000000000148 0.437723741361443
0.00720000000000151 0.486837432901593
0.00740000000000154 0.550774199706418
0.00760000000000157 0.437729018174332
0.00780000000000145 0.418341039273519
0.00800000000000148 0.429656615543252
0.00820000000000151 0.30130157924316
0.00840000000000154 0.413727137358963
0.00860000000000157 0.3652176183254
0.00880000000000146 0.43512688710758
0.00900000000000149 0.468774557404356
0.00920000000000152 0.63912018411813
0.00940000000000155 0.797592657907597
0.00960000000000158 0.785059517500091
0.00980000000000146 0.794435805573734
0.0100000000000015 0.733474409351122
0.0102000000000015 0.796960554125893
0.0104000000000016 0.615484252746012
0.0106000000000016 0.473582806808528
0.0108000000000015 0.376405443108586
0.0110000000000015 0.372284368508105
0.0112000000000015 0.250905943324379
0.0114000000000016 0.337112048509247
0.0116000000000016 0.472783749350517
0.0118000000000015 0.597405922404242
0.0120000000000015 0.655523552543481
0.0122000000000015 0.789206747983666
0.0124000000000016 0.75945050757183
0.0126000000000016 0.817877389587319
0.0128000000000015 0.937512172103424
0.0130000000000015 0.816428841313192
0.0132000000000015 0.856906489359786
0.0134000000000016 0.860634605893169
0.0136000000000016 0.815086145698971
0.0138000000000015 0.84582748207308
0.0140000000000015 0.894831407290157
0.0142000000000015 0.951383331034622
0.0144000000000016 1.00328447376195
0.0146000000000016 1.05870920193552
0.0148000000000015 1.0648270708203
0.0150000000000015 0.974546650819962
0.0152000000000016 0.924379105111102
0.0154000000000016 0.802155513997066
0.0156000000000015 0.715351724890878
0.0158000000000015 0.794353919236927
0.0160000000000015 0.742110644657585
0.0162000000000016 0.892430097872493
0.0164000000000016 0.926605592835333
0.0166000000000015 0.954149938793397
0.0168000000000015 1.07304532060277
0.0170000000000015 1.11248893629515
0.0172000000000016 1.1010899849151
0.0174000000000016 1.05450553105022
0.0176000000000015 1.08328449811984
0.0178000000000015 0.98570911518348
0.0180000000000015 0.956788708716339
0.0182000000000016 0.903100101260842
0.0184000000000016 0.857908421249726
0.0186000000000015 0.906602896447476
0.0188000000000015 0.98036567780548
0.0190000000000015 0.982557974285038
0.0192000000000016 1.02154742758717
0.0194000000000016 1.04347024098004
0.0196000000000015 1.18116392368671
0.0198000000000015 1.18320319502177
0.0200000000000015 1.13212229309093
0.0202000000000016 1.05443256650613
0.0204000000000016 1.0259797412363
0.0206000000000015 1.24374672227519
0.0208000000000015 1.35334440527431
0.0210000000000016 1.2339710861274
0.0212000000000016 1.22289864176712
0.0214000000000016 1.23072421706439
0.0216000000000015 1.17810961480837
0.0218000000000015 1.13393638295541
0.0220000000000016 1.07226710334721
0.0222000000000016 0.930176795369364
0.0224000000000015 0.973567889957735
0.0226000000000015 0.970868729900255
0.0228000000000015 1.16455676424382
0.0230000000000016 1.30917734844535
0.0232000000000016 1.35002743637322
0.0234000000000015 1.5089529360752
0.0236000000000015 1.51693799981562
0.0238000000000015 1.5246434039032
0.0240000000000016 1.54841484712363
0.0242000000000016 1.47401695400632
0.0244000000000015 1.44310280377745
0.0246000000000015 1.37149207285101
0.0248000000000015 1.32367765644963
0.0250000000000016 1.27529051632881
0.0252000000000016 1.25503302994193
0.0254000000000015 1.3437634074984
0.0256000000000015 1.36017622510244
0.0258000000000016 1.4583645428164
0.0260000000000016 1.47321952361481
0.0262000000000016 1.49086777368626
0.0264000000000015 1.40106234858022
0.0266000000000015 1.57904145632329
0.0268000000000016 1.54692757573557
0.0270000000000016 1.43818356529798
0.0272000000000016 1.55179684287945
0.0274000000000015 1.57817179228845
0.0276000000000015 1.53540943262017
0.0278000000000016 1.60969254548161
0.0280000000000016 1.579036625091
0.0282000000000016 1.52265444391798
0.0284000000000015 1.611723214599
0.0286000000000015 1.70465440986748
0.0288000000000016 1.55970412635938
0.0290000000000016 1.58955675716869
0.0292000000000015 1.47512868473929
0.0294000000000015 1.54468015519652
0.0296000000000015 1.63392564546609
0.0298000000000016 1.67059366187362
0.0300000000000016 1.67835701647304
0.0302000000000015 1.6493158204218
0.0304000000000015 1.76664074905413
0.0306000000000015 1.75408520152865
0.0308000000000016 1.69955049656758
0.0310000000000016 1.67326451722668
0.0312000000000015 1.63610331319803
0.0314000000000015 1.70094734718415
0.0316000000000016 1.70682531082824
0.0318000000000016 1.67518862770568
0.0320000000000016 1.81996734437287
0.0322000000000015 1.92044710671081
0.0324000000000015 1.74041012128408
0.0326000000000016 1.86014878917505
0.0328000000000016 1.82789187446242
0.0330000000000016 1.85676682807093
0.0332000000000015 1.7922734819616
0.0334000000000015 1.86453941105862
0.0336000000000016 1.8073344977272
0.0338000000000016 1.86904313892525
0.0340000000000016 1.93192885645387
0.0342000000000015 1.97051650499232
0.0344000000000015 2.00258783081438
0.0346000000000016 2.08455450183474
0.0348000000000016 2.03202013325468
0.0350000000000016 2.0003871783898
0.0352000000000015 1.93766780232398
0.0354000000000015 1.90508400002651
0.0356000000000016 1.8954699096858
0.0358000000000016 1.86058579433667
0.0360000000000015 1.99069115147637
0.0362000000000015 1.92294191447917
0.0364000000000016 1.95207878162306
0.0366000000000016 2.0897361701747
0.0368000000000016 2.16353899034394
0.0370000000000015 2.19418207333553
0.0372000000000015 2.16980828343835
0.0374000000000016 2.24981236681344
0.0376000000000016 2.29266471949808
0.0378000000000016 2.18189161548996
0.0380000000000015 2.15674375321482
0.0382000000000015 2.06195323166508
0.0384000000000016 2.11549485650202
0.0386000000000016 2.17884735362997
0.0388000000000016 2.15243006653032
0.0390000000000015 2.14466565577709
0.0392000000000015 2.23913145047703
0.0394000000000016 2.18918618950112
0.0396000000000016 2.16289349212093
0.0398000000000016 2.12597063125634
0.0400000000000015 2.17531729005081
0.0402000000000015 2.20209197812484
0.0404000000000016 2.3003388438596
0.0406000000000016 2.31355713855338
0.0408000000000016 2.39323984528959
0.0410000000000015 2.34362562996616
0.0412000000000016 2.28883080490809
0.0414000000000016 2.32002157999393
0.0416000000000016 2.25182670351883
0.0418000000000016 2.21444280757154
0.0420000000000015 2.26217408311979
0.0422000000000016 2.31666318644478
0.0424000000000016 2.34014072401593
0.0426000000000016 2.3234635027799
0.0428000000000016 2.35469821748626
0.0430000000000015 2.47161692429827
0.0432000000000016 2.46572325869198
0.0434000000000016 2.40489792616971
0.0436000000000016 2.4009105967814
0.0438000000000015 2.39050044042341
0.0440000000000015 2.43725567617659
0.0442000000000016 2.49769307344586
0.0444000000000016 2.53672507403047
0.0446000000000016 2.51932166144213
0.0448000000000015 2.45791647894618
0.0450000000000015 2.54878463122248
0.0452000000000016 2.52998316742726
0.0454000000000016 2.49432287613962
0.0456000000000016 2.5143677422944
0.0458000000000015 2.61660844166514
0.0460000000000016 2.48005537969227
0.0462000000000016 2.49889040026056
0.0464000000000016 2.6110089019587
0.0466000000000016 2.59374072120975
0.0468000000000015 2.76814589350021
0.0470000000000016 2.6598622763433
0.0472000000000016 2.65129121772372
0.0474000000000016 2.66821960413703
0.0476000000000016 2.73537543200773
0.0478000000000015 2.78091911567315
0.0480000000000016 2.80529605730172
0.0482000000000016 2.77053910429289
0.0484000000000016 2.74025566720297
0.0486000000000016 2.72853763146585
0.0488000000000015 2.78500187047526
0.0490000000000016 2.76588133468037
0.0492000000000016 2.90930561326973
0.0494000000000016 2.73820716160623
0.0496000000000015 2.71924047046333
0.0498000000000015 2.88049995051085
0.0500000000000016 2.85135990907955
0.0502000000000016 2.82981767234717
0.0504000000000016 2.76282060212625
0.0506000000000017 2.76771187845337
0.0508000000000015 2.8013339756577
0.0510000000000016 2.82661358435826
0.0512000000000016 3.01105583172138
0.0514000000000016 2.92542677577573
0.0516000000000015 3.05182702108511
0.0518000000000016 2.89656316771684
0.0520000000000016 2.98914984926328
0.0522000000000016 2.75832754032979
0.0524000000000016 2.66425516095052
0.0526000000000015 2.87311390403489
0.0528000000000016 2.8126322807906
0.0530000000000016 2.82287945879257
0.0532000000000016 2.88134021794708
0.0534000000000016 2.8749964675291
0.0536000000000015 3.00246020500152
0.0538000000000016 3.04534478036684
0.0540000000000016 3.1263088207629
0.0542000000000016 3.1213009813274
0.0544000000000017 2.99388210775394
0.0546000000000015 3.07009083968992
0.0548000000000016 3.09772491197648
0.0550000000000016 3.13669341749482
0.0552000000000016 3.20014824949601
0.0554000000000017 3.26470814083226
0.0556000000000015 3.23846306158023
0.0558000000000016 3.37117545361347
0.0560000000000016 3.25594802821795
0.0562000000000016 3.33068073106406
0.0564000000000017 3.31052081961484
0.0566000000000016 3.14297925589192
0.0568000000000016 3.38751713326713
0.0570000000000016 3.29111007052784
0.0572000000000016 3.3157289493563
0.0574000000000017 3.33253770293689
0.0576000000000016 3.26459746325804
0.0578000000000016 3.25488522460493
0.0580000000000016 3.19425487234406
0.0582000000000016 3.26824848985218
0.0584000000000015 3.22619486802069
0.0586000000000016 3.26612593022791
0.0588000000000016 3.26015043589559
0.0590000000000016 3.34445294667912
0.0592000000000017 3.34790027737393
0.0594000000000015 3.37214875389321
0.0596000000000016 3.44934966576851
0.0598000000000016 3.41488838039221
0.0600000000000016 3.40303966042792
0.0602000000000017 3.39760413569792
0.0604000000000015 3.45565074860376
0.0606000000000016 3.44020138902836
0.0608000000000016 3.49821903212873
0.0610000000000016 3.47542903498167
0.0612000000000017 3.41978474411218
0.0614000000000016 3.45738062529774
0.0616000000000016 3.39096285994388
0.0618000000000016 3.46735532803224
0.0620000000000016 3.48765186278912
0.0622000000000017 3.43441832376394
0.0624000000000016 3.37380888677054
0.0626000000000016 3.44149364247231
0.0628000000000016 3.51885212313591
0.0630000000000017 3.53223246102098
0.0632000000000017 3.58241807595571
0.0634000000000016 3.62324637088084
0.0636000000000016 3.71175008492102
0.0638000000000016 3.74571960940531
0.0640000000000017 3.75891749395622
0.0642000000000015 3.80612280019561
0.0644000000000016 3.87586503562248
0.0646000000000016 3.78225185771139
0.0648000000000016 3.77513701304123
0.0650000000000017 3.70218237072387
0.0652000000000015 3.79505810618807
0.0654000000000016 3.75956097553749
0.0656000000000016 3.92466124498155
0.0658000000000016 3.8735798451951
0.0660000000000017 3.77666722319954
0.0662000000000015 3.81927747304273
0.0664000000000016 3.88100727069879
0.0666000000000016 3.82894413802872
0.0668000000000016 3.89719036343873
0.0670000000000017 3.87497857881718
0.0672000000000016 3.9426177997915
0.0674000000000016 3.92914112936354
0.0676000000000016 3.90927326862698
0.0678000000000017 3.90652935631209
0.0680000000000017 4.00373996108166
0.0682000000000016 4.10569594104131
0.0684000000000016 4.22657951425131
0.0686000000000016 4.10515811535157
0.0688000000000017 4.11028756298521
0.0690000000000017 4.08892269988638
0.0692000000000016 4.10765030949947
0.0694000000000016 4.17737747714167
0.0696000000000016 4.02962291978686
0.0698000000000017 4.09453028904399
0.0700000000000017 3.95163484723082
0.0702000000000016 3.94501418673079
0.0704000000000016 3.99769341230877
0.0706000000000016 3.91630293120253
0.0708000000000017 3.87903283264111
0.0710000000000015 3.91696480628487
0.0712000000000016 3.95125969122774
0.0714000000000016 4.09040656832499
0.0716000000000016 4.17655124915059
0.0718000000000017 4.20670582825012
0.0720000000000015 4.33996539294753
0.0722000000000016 4.15886832467001
0.0724000000000016 4.26234027297395
0.0726000000000016 4.27808961126154
0.0728000000000017 4.32936787077141
0.0730000000000016 4.37899996273513
0.0732000000000016 4.30016303548492
0.0734000000000016 4.15565673509547
0.0736000000000017 4.36678257809793
0.0738000000000017 4.22205708549594
0.0740000000000016 4.24752294341364
0.0742000000000016 4.06986003956876
0.0744000000000016 4.07168978451515
0.0746000000000017 4.12934404272558
0.0748000000000017 4.186996406994
0.0750000000000016 4.16782001610373
0.0752000000000016 4.23415958163059
0.0754000000000016 4.34144647951007
0.0756000000000017 4.3892802935821
0.0758000000000017 4.35470033078464
0.0760000000000016 4.41949950008746
0.0762000000000016 4.4876871973251
0.0764000000000016 4.47334586571772
0.0766000000000017 4.52074589492094
0.0768000000000015 4.56016639522821
0.0770000000000016 4.50942359416352
0.0772000000000016 4.51843543621611
0.0774000000000016 4.47263614093565
0.0776000000000017 4.50784218019232
0.0778000000000017 4.40976200676347
0.0780000000000016 4.49877198813268
0.0782000000000016 4.51757206507525
0.0784000000000016 4.39004217786793
0.0786000000000017 4.35589220101084
0.0788000000000016 4.54907110176524
0.0790000000000016 4.5204236554857
0.0792000000000016 4.54262696182645
0.0794000000000016 4.66480792343201
0.0796000000000017 4.53415524643363
0.0798000000000016 4.68958386532851
0.0800000000000016 4.66835440072313
0.0802000000000016 4.77039126951017
0.0804000000000017 4.66852226259474
0.0806000000000017 4.66557123064185
0.0808000000000016 4.67718638124002
0.0810000000000016 4.65206787335897
0.0812000000000016 4.581738928247
0.0814000000000017 4.56217825958921
0.0816000000000017 4.56311245617775
0.0818000000000016 4.60252294889911
0.0820000000000016 4.78399790056101
0.0822000000000016 4.74618870871993
0.0824000000000017 4.66675516115516
0.0826000000000017 4.75777761755004
0.0828000000000016 4.75681977060229
0.0830000000000016 4.8247372318569
0.0832000000000016 4.78412163739468
0.0834000000000017 4.80859758604882
0.0836000000000017 4.72612701563948
0.0838000000000016 4.73153506471108
0.0840000000000016 4.83395180880676
0.0842000000000016 4.67358424086328
0.0844000000000017 4.72317399599701
0.0846000000000017 4.64083038750658
0.0848000000000016 4.85059329411747
0.0850000000000016 4.84604559585159
0.0852000000000016 4.82750540492141
0.0854000000000017 4.95465683556896
0.0856000000000017 5.00450055284353
0.0858000000000016 4.84270688194526
0.0860000000000016 4.92709177323538
0.0862000000000017 5.04261200418785
0.0864000000000017 4.95241473435068
0.0866000000000017 4.99590615142942
0.0868000000000016 5.11413069165732
0.0870000000000016 5.18339273351467
0.0872000000000017 5.03122792831994
0.0874000000000017 5.12755308416782
0.0876000000000016 5.00093209411366
0.0878000000000016 4.96227077442435
0.0880000000000016 4.9409069048741
0.0882000000000017 4.86913327180699
0.0884000000000017 4.93716656240361
0.0886000000000016 4.94500086111419
0.0888000000000016 4.86919716713516
0.0890000000000016 4.81728859826456
0.0892000000000017 4.85450984624854
0.0894000000000016 4.61696188345737
0.0896000000000016 4.5363329059433
0.0898000000000016 4.64513574992385
0.0900000000000016 4.82024158289941
0.0902000000000017 4.62605687481054
0.0904000000000017 4.46849529256338
0.0906000000000016 4.22850533345922
0.0908000000000016 3.96488522744582
0.0910000000000017 3.7687254450674
0.0912000000000017 3.72964065811007
0.0914000000000016 3.79470863383814
0.0916000000000016 3.5485174674261
