# Fix print output for fix out1
-6.12642834103223e-16 -0.127088123722494
0.000400000000002319 0.135297007546995
0.000800000000005863 0.275111173801316
0.00120000000000916 0.373347597102855
0.00160000000001246 0.402473661614068
0.00200000000001576 0.387182092698033
0.00240000000001894 0.468642894073923
0.00280000000002223 0.504555159873621
0.00320000000002529 0.586768558753371
0.00360000000002859 0.718370405945687
0.00400000000003176 0.65903593251133
0.00440000000003518 0.715323629616465
0.00480000000003836 0.698370631828974
0.00520000000004166 0.766194897750027
0.0056000000000452 0.763218535908341
0.0060000000000485 0.797728377048137
0.00640000000005168 0.835066462396978
0.00680000000005473 0.888504949503277
0.00720000000005828 0.913764590145776
0.00760000000006145 0.936369656210525
0.00800000000006438 1.06877540791926
0.00840000000006768 1.11766882666023
0.00880000000007123 1.11674740169859
0.00920000000007453 1.1610231357744
0.0096000000000777 1.1778873283123
0.0100000000000811 1.19564702941102
0.0104000000000844 1.19252804831564
0.0108000000000877 1.19239753987097
0.0112000000000911 1.18833440678404
0.0116000000000944 1.29940687032297
0.0120000000000976 1.40590928573842
0.0124000000001005 1.4153986741811
0.0128000000001038 1.50166806372313
0.0132000000001071 1.55217148698806
0.0136000000001107 1.57568478058728
0.0140000000001139 1.62248475820938
0.0144000000001167 1.69396950312869
0.01480000000012 1.67795517589068
0.0152000000001233 1.63441712075312
0.0156000000001266 1.69665937693411
0.0160000000001296 1.767102261218
0.0164000000001329 1.73880502766625
0.0168000000001365 1.75662297838317
0.0172000000001399 1.86343486314072
0.0176000000001432 1.90331966284705
0.0180000000001466 1.88570230877084
0.01840000000015 1.99708720342275
0.0188000000001533 1.99432798947307
0.0192000000001568 2.07155326175114
0.0196000000001601 2.07765888729735
0.0200000000001636 2.04274600273712
0.0204000000001666 2.09085787230826
0.0208000000001698 2.12398981596602
0.0212000000001734 2.12495613856698
0.0216000000001768 2.18893742145389
0.0220000000001801 2.20028899785882
0.0224000000001833 2.23813837080508
0.0228000000001866 2.30422080338208
0.0232000000001897 2.37791417788615
0.023600000000193 2.39379891831823
0.0240000000001962 2.50894937979055
0.0244000000001996 2.49281384969141
0.0248000000002032 2.45103298269798
0.0252000000002064 2.52286949145483
0.0256000000002093 2.551597135798
0.0260000000002126 2.5946033439203
0.026400000000216 2.47131285838995
0.0268000000002194 2.53832392295322
0.0272000000002226 2.62426299069028
0.0276000000002255 2.63939022018341
0.0280000000002286 2.69939173147623
0.0284000000002316 2.79672112270661
0.0288000000002349 2.7772832976389
0.0292000000002382 2.82607859237812
0.0296000000002414 2.86364865629045
0.0300000000002446 2.877568989196
0.0304000000002478 2.85156337485125
0.0308000000002512 2.93777931016016
0.0312000000002546 2.91724496483674
0.0316000000002582 2.93403220943852
0.0320000000002613 2.99969229869636
0.0324000000002646 3.01438970541656
0.0328000000002679 3.0961289956588
0.0332000000002712 3.11348095664497
0.0336000000002744 3.09129468422993
0.0340000000002777 3.11143927637294
0.0344000000002809 3.33633125262456
0.0348000000002842 3.21946901215842
0.0352000000002876 3.20125819131705
0.0356000000002911 3.23851355407569
0.0360000000002944 3.3525794264927
0.0364000000002976 3.3074630436831
0.036800000000301 3.35388781137733
0.0372000000003042 3.41945002463076
0.0376000000003076 3.42894056402248
0.0380000000003111 3.43036636146665
0.0384000000003144 3.55457996383176
0.0388000000003177 3.48668201637836
0.039200000000321 3.52184699282511
0.0396000000003241 3.58392318370554
0.0400000000003274 3.55574267813105
0.0404000000003305 3.53959711782731
0.0408000000003338 3.52168881583005
0.0412000000003368 3.56518300287708
0.0416000000003404 3.57069494696871
0.0420000000003434 3.63225540272028
0.042400000000347 3.64433908614181
0.0428000000003503 3.71244805528529
0.0432000000003536 3.72050169370667
0.0436000000003571 3.81255623471379
0.0440000000003602 3.77322625613994
0.0444000000003635 3.86958153764747
0.0448000000003668 3.8842617313637
0.0452000000003703 3.86373079028734
0.0456000000003736 3.96042942413678
0.0460000000003769 3.91333264478952
0.0464000000003802 3.95185072193776
0.0468000000003835 3.98607899664929
0.0472000000003866 3.96315133665136
0.0476000000003899 4.027933079071
0.0480000000003934 4.02772733212472
0.0484000000003965 4.06000920298454
0.0488000000004 4.10772947017663
0.0492000000004033 4.19290649839228
0.0496000000004066 4.20497676282515
0.0500000000004099 4.23025470610874
0.050400000000413 4.20573121395478
0.0508000000004163 4.17028788602565
0.0512000000004196 4.19464257073546
0.0516000000004229 4.16853447189404
0.0520000000004262 4.12430678508957
0.0524000000004295 4.16476701939925
0.0528000000004328 4.24834788077332
0.0532000000004363 4.15211843551535
0.0536000000004396 4.2427262144724
0.0540000000004431 4.25599996515051
0.0544000000004464 4.24763170922175
0.05480000000045 4.26788993674331
0.0552000000004533 4.35059575294793
0.0556000000004566 4.32423714790106
0.0560000000004596 4.26504689965747
0.0564000000004629 4.31829315881564
0.0568000000004662 4.29689539995117
0.0572000000004698 4.31378374075895
0.0576000000004733 4.41364109233723
0.0580000000004766 4.41110960447591
0.0584000000004799 4.39682703396684
0.0588000000004832 4.52277029063412
0.0592000000004865 4.41458013925977
0.0596000000004901 4.43789077516989
0.0600000000004931 4.54803118569
0.0604000000004967 4.49909952487645
0.0608000000005 4.51339450069159
0.0612000000005033 4.56235500811901
0.0616000000005068 4.53872712211985
0.0620000000005101 4.60015544601866
0.0624000000005134 4.52129989053535
0.0628000000005167 4.61316819893925
0.06320000000052 4.75907450769142
0.0636000000005235 4.6914174080064
0.0640000000005268 4.71012013223929
0.0644000000005301 4.75932271582206
0.0648000000005332 4.89087266553843
0.0652000000005365 4.89884596900496
0.0656000000005398 4.90416400755413
0.0660000000005431 4.84586170705737
0.0664000000005461 4.95436741416176
0.0668000000005494 4.95508598891456
0.0672000000005525 4.96155452050368
0.0676000000005555 4.94820129645902
0.0680000000005586 4.97871184321141
0.0684000000005622 4.94490706026221
0.0688000000005655 5.06717770646703
0.0692000000005687 5.02640417728645
0.0696000000005723 5.05867570417285
0.0700000000005756 5.11152591354033
0.0704000000005791 5.12291476526723
0.0708000000005822 5.20496257994259
0.0712000000005855 5.24880938646265
0.0716000000005888 5.20798539026527
0.0720000000005923 5.20469932610615
0.0724000000005954 5.21847302239404
0.0728000000005987 5.20832869650946
0.073200000000602 5.18604686574224
0.0736000000006053 5.20347676739432
0.0740000000006086 5.16787160963164
0.0744000000006121 5.21520704917374
0.0748000000006152 5.25714249796865
0.0752000000006187 5.21773310111932
0.0756000000006218 5.14572090827066
0.0760000000006251 5.12104040139631
0.0764000000006286 5.08536936146252
0.0768000000006322 5.08688405340509
0.0772000000006355 5.01357411958168
0.0776000000006383 4.93980970095381
0.0780000000006416 4.7322526185039
0.0784000000006451 4.58572818266909
0.0788000000006484 4.50839993144338
0.0792000000006517 4.34009654952673
0.0796000000006552 4.11643885181398
0.0800000000006585 3.9244530581829
0.0804000000006616 3.63192919994981
0.0808000000006651 3.50018010180879
0.0812000000006684 3.01140255866538
0.0816000000006717 2.69564577220308
0.082000000000675 2.48506970539315
0.0824000000006783 2.18180961682976
0.0828000000006819 2.03094408903653
0.0832000000006852 1.93375070634891
0.0836000000006885 1.87666422395912
0.0840000000006918 1.70135993670835
0.0844000000006951 1.56508721114877
0.0848000000006984 1.54533415718452
0.0852000000007019 1.50267984123716
0.0856000000007052 1.40681709939976
0.0860000000007085 1.48446637949502
0.0864000000007118 1.58159009553687
0.0868000000007151 1.52867716778631
0.0872000000007187 1.57185600179321
0.087600000000722 1.66762990048349
0.0880000000007253 1.6726777991407
0.0884000000007286 1.57468928229686
0.0888000000007319 1.59007338359597
0.0892000000007351 1.48056681789609
0.0896000000007382 1.412274176182
0.0900000000007418 1.6099631059839
0.0904000000007448 1.55646574165595
0.0908000000007481 1.57982246356722
0.0912000000007514 1.761017194904
0.0916000000007545 1.64631093918787
0.0920000000007578 1.73107485726497
0.0924000000007608 1.82653717571441
0.0928000000007644 1.6755405017165
0.0932000000007679 1.71735734427152
0.093600000000771 1.69700470167209
0.0940000000007743 1.64878330531255
0.0944000000007776 1.64123988480417
0.0948000000007804 1.74583242401339
0.0952000000007841 1.70098355034253
0.0956000000007874 1.79158217365341
0.0960000000007903 1.66006175246683
0.0964000000007938 1.77884726049759
0.0968000000007973 1.78104289333859
0.0972000000008001 1.71774494792337
0.0976000000008034 1.62599803723666
0.098000000000807 1.63967522844531
0.0984000000008103 1.66116720470898
0.0988000000008136 1.59078946439602
0.0992000000008171 1.63710468121251
0.0996000000008199 1.67774983790418
0.100000000000823 1.62102369322133
0.100400000000826 1.65712947764842
0.10080000000083 1.58049679521658
0.101200000000833 1.57563672595179
0.101600000000836 1.53331763580149
0.10200000000084 1.55853401439873
0.102400000000843 1.45540788192366
0.102800000000846 1.47849059759803
0.103200000000849 1.56536487953585
0.103600000000852 1.5067164929599
0.104000000000855 1.4694680201062
0.104400000000859 1.4256679581928
0.104800000000862 1.36071030318787
0.105200000000865 1.31784070242171
0.105600000000869 1.23027956138671
0.106000000000872 1.18850491481013
0.106400000000875 1.34742507225989
0.106800000000879 1.32745361586214
0.107200000000882 1.23562928956364
0.107600000000886 1.35555293822774
0.108000000000889 1.27100640352464
0.108400000000892 1.11445153337325
0.108800000000895 1.04920316481791
0.109200000000899 0.866570318462576
0.109600000000902 0.888507078404547
0.110000000000905 0.83752063743725
0.110400000000909 0.657970782302041
0.110800000000912 0.772517511762771
0.111200000000915 0.853476227702624
0.111600000000918 0.920487544439102
0.112000000000922 0.99031923332431
0.112400000000926 0.88347016257921
0.112800000000929 0.946945634266933
0.113200000000932 0.968240038196653
0.113600000000935 1.01222576818985
0.114000000000939 0.95108752196187
0.114400000000942 0.972161980380609
0.114800000000945 0.924535158907999
0.115200000000948 1.02502293555676
0.115600000000951 0.892274214586936
0.116000000000954 0.868302329190814
0.116400000000958 0.994159866256375
0.116800000000961 1.0772798504179
0.117200000000964 1.15759877892409
0.117600000000967 1.21407982911544
0.11800000000097 1.19448941143046
0.118400000000974 1.14961085948554
0.118800000000977 1.14726958757292
0.11920000000098 1.13860164910328
0.119600000000984 1.01421073701761
0.120000000000987 1.02297584494909
0.12040000000099 1.09067306586704
0.120800000000993 1.06836808562731
0.121200000000997 1.021453762242
0.121600000001 1.0481237623364
0.122000000001003 1.08670316606511
0.122400000001007 1.12693750307499
0.12280000000101 1.22013863001065
0.123200000001013 1.25469298234189
0.123600000001017 1.25876245327144
0.12400000000102 1.22142601673452
0.124400000001023 1.20805605673368
0.124800000001026 1.14623180075603
0.12520000000103 1.17505310423139
0.125600000001033 1.04842606112417
0.126000000001037 1.0234774475446
0.12640000000104 1.16807104694112
0.126800000001044 1.18483591743672
0.127200000001046 1.126395691685
0.12760000000105 1.24466624326194
0.128000000001053 1.30860542274101
0.128400000001056 1.33644335280201
0.12880000000106 1.39309650435242
0.129200000001063 1.32586015072507
0.129600000001066 1.38326980096374
0.130000000001069 1.44131271261058
0.130400000001073 1.23118657926522
0.130800000001076 1.1623140048159
0.131200000001079 1.20727503492293
0.131600000001083 1.16452279463493
0.132000000001086 1.20522778499825
0.132400000001089 1.29159027366303
0.132800000001092 1.28480801859156
0.133200000001096 1.35477091544295
0.133600000001099 1.40769185008879
0.134000000001102 1.38126446983369
0.134400000001106 1.26824481632204
0.134800000001109 1.29049431996046
0.135200000001112 1.24863097012227
0.135600000001116 1.27137171229932
0.136000000001119 1.20883565957193
0.136400000001122 1.23841582144433
0.136800000001126 1.22655441137363
0.13720000000113 1.27407463585552
0.137600000001133 1.27673634553556
0.138000000001136 1.25379144493062
0.138400000001139 1.30341225284122
0.138800000001142 1.26920006398383
0.139200000001146 1.31966806014127
0.139600000001149 1.25900165431696
0.140000000001152 1.33111680952494
0.140400000001156 1.34625682351554
0.140800000001159 1.21314415628968
0.141200000001163 1.1011355124805
0.141600000001166 1.05638339494257
0.142000000001169 1.05244738972432
0.142400000001172 0.997282823105215
0.142800000001176 0.973928360555171
0.143200000001179 1.09131675208217
0.143600000001183 1.06622998454632
0.144000000001186 1.07247961289332
0.144400000001189 1.04945960068132
0.144800000001192 0.890058336955182
0.145200000001196 0.791856121383533
0.145600000001199 0.724286861329827
0.146000000001203 0.551533359875341
0.146400000001206 0.460850557139209
0.146800000001209 0.460560710524033
0.147200000001212 0.381762714972306
0.147600000001216 0.478914681989511
0.148000000001219 0.540804855135121
0.148400000001222 0.667486691689639
0.148800000001226 0.695581535958086
0.149200000001229 0.839498587086811
0.149600000001233 0.805730383391768
0.150000000001236 0.813903869151369
0.150400000001239 0.755363008872767
0.150800000001242 0.817823003400598
0.151200000001246 0.767218253680385
0.151600000001249 0.648936204557454
0.152000000001252 0.620003312528575
0.152400000001256 0.49060949237688
0.152800000001259 0.532266041281791
0.153200000001262 0.478829362157938
0.153600000001265 0.599457263598024
0.154000000001269 0.680536849606006
0.154400000001272 0.82757116661179
0.154800000001275 0.982955714649835
0.155200000001278 0.987753775008765
0.155600000001282 0.905819461693674
0.156000000001285 0.794423209657671
0.156400000001288 0.764491822648008
0.156800000001291 0.708990323112942
0.157200000001295 0.63793761765039
0.157600000001298 0.607811426352446
0.158000000001302 0.567140328363182
0.158400000001305 0.635610326113543
0.158800000001308 0.669381521546689
0.159200000001311 0.67430773312949
0.159600000001315 0.747183396516585
0.160000000001318 0.905175999628957
0.160400000001322 0.907962303840875
0.160800000001325 1.03691845029112
0.161200000001328 0.952342829527461
0.161600000001332 1.0367539865671
0.162000000001335 0.845815245002714
0.162400000001338 0.695774186622325
0.162800000001341 0.615060148160599
0.163200000001344 0.579766031690718
0.163600000001348 0.629257700512473
0.164000000001351 0.719312101053586
0.164400000001355 0.805356539744887
0.164800000001358 0.859767897921741
0.165200000001361 0.990939464126364
0.165600000001365 1.0615939775234
0.166000000001368 0.997746062174222
0.166400000001371 1.01597631071567
0.166800000001374 0.994066151588653
0.167200000001378 0.957443514801264
0.167600000001381 0.825275592198519
0.168000000001384 0.775168528203409
0.168400000001388 0.685325512882187
0.168800000001391 0.588592119553378
0.169200000001394 0.471405227920899
0.169600000001398 0.48989777096978
0.170000000001401 0.408979957506816
0.170400000001404 0.523963650216636
0.170800000001408 0.562137869208019
0.171200000001411 0.568691249250786
0.171600000001414 0.606195558574179
0.172000000001418 0.507498983918894
0.172400000001421 0.524411778723136
0.172800000001425 0.452384906130852
0.173200000001428 0.32770664294077
0.173600000001431 0.328329098733361
0.174000000001435 0.418815270978938
0.174400000001438 0.386833005164741
0.174800000001441 0.521309990360721
0.175200000001445 0.473695432344688
0.175600000001448 0.615821819298675
0.176000000001451 0.610869998395419
0.176400000001455 0.713301057453822
0.176800000001458 0.748288897923339
0.177200000001461 0.631434540914694
0.177600000001464 0.527667216985517
0.178000000001468 0.518250469639522
0.178400000001471 0.541401090015905
0.178800000001474 0.486560741437946
0.179200000001477 0.390858369760682
0.17960000000148 0.407715536919127
0.180000000001484 0.451026591018278
0.180400000001487 0.533331051717798
0.18080000000149 0.598744752375364
0.181200000001494 0.652414662139014
0.181600000001497 0.701353833892073
0.1820000000015 0.714399320533317
0.182400000001504 0.630399512272197
0.182800000001507 0.511394644398924
0.18320000000151 0.478832306053086
0.183600000001513 0.523814965004185
0.184000000001517 0.490262197098528
0.18440000000152 0.560976913026294
0.184800000001523 0.512543525032808
0.185200000001527 0.553313867805448
0.18560000000153 0.550771333224161
0.186000000001533 0.620284318573818
0.186400000001536 0.679263896833509
0.18680000000154 0.635146208801902
0.187200000001543 0.703017151163576
0.187600000001546 0.901247983390057
0.188000000001549 0.760012946889772
0.188400000001552 0.691267266259811
0.188800000001555 0.534067179236374
0.189200000001559 0.436595963719924
0.189600000001562 0.446287808200779
0.190000000001565 0.456596851235477
0.190400000001569 0.643973727294101
0.190800000001572 0.738112643039182
0.191200000001575 0.788031834336419
0.191600000001578 0.8209117413711
0.192000000001581 0.758930214177708
0.192400000001584 0.727682926313249
0.192800000001588 0.662691223463536
0.193200000001591 0.549209541722685
0.193600000001594 0.663640349235111
0.194000000001598 0.706683747239209
0.194400000001601 0.652864765685555
0.194800000001605 0.662020079573053
0.195200000001608 0.682875414860148
0.195600000001611 0.561312185561516
0.196000000001615 0.607252059582018
0.196400000001618 0.708075324437533
0.196800000001621 0.725867458881506
0.197200000001624 0.87453713743919
0.197600000001628 0.906827377381102
0.198000000001631 0.864280890158128
0.198400000001635 0.831622609000987
0.198800000001638 0.671684649952
0.199200000001641 0.592718592312703
0.199600000001644 0.492639712467399
0.200000000001648 0.533792312492971
0.200400000001651 0.577661768399554
0.200800000001654 0.703129900390374
0.201200000001657 0.848646339793481
0.201600000001661 0.812149057900866
0.202000000001664 0.75567354930299
0.202400000001667 0.681707424684799
0.202800000001671 0.65499062966435
0.203200000001674 0.84329972195684
0.203600000001677 0.577584397586168
0.20400000000168 0.580039772141161
0.204400000001683 0.519221420985865
0.204800000001686 0.341448172162558
0.20520000000169 0.349125265610851
0.205600000001693 0.165142768503963
0.206000000001696 0.16081309353457
0.206400000001699 0.2880735609276
0.206800000001703 0.340492022642318
0.207200000001706 0.520967251529213
0.207600000001709 0.55713645336921
0.208000000001712 0.593298004079663
0.208400000001716 0.638163084746112
0.208800000001719 0.60437525199952
0.209200000001722 0.401996615661424
0.209600000001726 0.408558979045044
0.210000000001729 0.284848586191837
0.210400000001732 0.340277299580651
0.210800000001735 0.347612053563912
0.211200000001739 0.240824706238826
0.211600000001742 0.292645137694576
0.212000000001745 0.376100159552828
0.212400000001749 0.414920868911493
0.212800000001752 0.516082799839973
0.213200000001756 0.431065864521393
0.213600000001759 0.524880318663739
0.214000000001762 0.560953294226085
0.214400000001766 0.563672651287612
0.214800000001769 0.486162675148902
0.215200000001772 0.359474432228962
0.215600000001776 0.292058423630166
0.216000000001779 0.22459186047423
0.216400000001782 0.192923550485767
0.216800000001785 0.198670924395512
0.217200000001789 0.291891331995438
0.217600000001792 0.34672640234534
0.218000000001795 0.411804121640443
0.218400000001798 0.493058679484451
0.218800000001802 0.491121809540627
0.219200000001805 0.455869468849436
0.219600000001808 0.462671699722736
0.220000000001812 0.419400405070328
0.220400000001815 0.338958539169008
0.220800000001818 0.274107369588369
0.221200000001822 0.229619814856946
0.221600000001825 0.197515616120415
0.222000000001828 0.25808031060723
0.222400000001832 0.268646501873997
0.222800000001835 0.311179662724291
0.223200000001838 0.340861821398862
0.223600000001842 0.371344090105234
0.224000000001845 0.394379036786802
0.224400000001848 0.440179557507893
0.224800000001852 0.437486691317028
0.225200000001856 0.361572775496825
0.225600000001858 0.373900025550713
0.226000000001862 0.231704819794654
0.226400000001865 0.13976005777479
0.226800000001868 0.112645156434227
0.227200000001871 0.0156212501422656
