# Fix print output for fix out1
-1.20903934256859e-15 1.49903127861905
0.000400000000003273 1.65147017601133
0.000800000000010656 1.79299204385433
0.00120000000001586 1.9001159923692
0.00160000000002071 1.89809058819789
0.00200000000002289 1.93766571210981
0.00240000000002774 2.05156399123896
0.00280000000003403 2.11706825736479
0.00320000000003924 2.14386385210905
0.00360000000004602 2.19968679979052
0.00400000000005099 2.21731464867028
0.00440000000005595 2.25600413748045
0.00480000000006249 2.31188665953349
0.0052000000000683 2.32980956621687
0.00560000000007314 2.32724618495794
0.00600000000007473 2.35171519366857
0.00640000000008005 2.39154356757093
0.00680000000008647 2.41266163826556
0.00720000000009107 2.475238535994
0.007600000000097 2.55894178556653
0.00800000000010306 2.62430189732234
0.00840000000010839 2.67452434991722
0.00880000000011456 2.71821389428698
0.00920000000012062 2.7602727609179
0.00960000000012498 2.81674307584292
0.0100000000001275 2.86423608770945
0.0104000000001312 2.9088473939005
0.0108000000001387 2.99323260531005
0.0112000000001428 3.05560781523732
0.0116000000001486 3.11519670880706
0.0120000000001551 3.14414862587706
0.0124000000001599 3.19114451659114
0.0128000000001658 3.23651510967586
0.013200000000172 3.22134294661038
0.013600000000177 3.25863032888985
0.0140000000001809 3.28789246857313
0.014400000000184 3.28978992929203
0.0148000000001901 3.32140861036022
0.0152000000001949 3.35223598497178
0.0156000000002008 3.39853273701189
0.0160000000002078 3.42264876404706
0.0164000000002125 3.47941045024107
0.0168000000002169 3.50326244274031
0.0172000000002239 3.55986490014375
0.0176000000002292 3.63072975228188
0.0180000000002335 3.67088271860033
0.0184000000002365 3.70299184562742
0.0188000000002415 3.73527217139257
0.0192000000002474 3.79795654800492
0.0196000000002525 3.86644723546785
0.0200000000002598 3.95092928921301
0.0204000000002652 3.97830319638563
0.0208000000002687 4.03308787707766
0.0212000000002762 4.07263577252563
0.0216000000002813 4.10651936625965
0.0220000000002869 4.11906695993535
0.0224000000002891 4.15582054707284
0.0228000000002934 4.1496765275674
0.0232000000002998 4.17129901863342
0.0236000000003048 4.18107697556607
0.024000000000311 4.22637877709875
0.0244000000003169 4.24262187557283
0.0248000000003221 4.28261930131702
0.0252000000003283 4.3013473728503
0.0256000000003334 4.32499187053757
0.0260000000003386 4.35243947118232
0.0264000000003401 4.40905200870359
0.0268000000003448 4.45020049732429
0.0272000000003522 4.48374151787251
0.0276000000003565 4.53558990863709
0.0280000000003625 4.59165184467399
0.0284000000003688 4.61529771303005
0.0288000000003736 4.66686423734142
0.02920000000038 4.74852193881292
0.0296000000003856 4.77083947853585
0.0300000000003898 4.80713622430675
0.0304000000003936 4.85970678755772
0.030800000000397 4.89310208665249
0.031200000000404 4.94328174249039
0.0316000000004082 4.97986503817745
0.0320000000004139 4.9556831152674
0.0324000000004212 4.96781039662164
0.0328000000004264 4.98458323380695
0.033200000000431 5.00227361650096
0.0336000000004369 5.03768080745273
0.034000000000443 5.0288758701673
0.0344000000004467 5.03718868697719
0.0348000000004499 5.07539825874011
0.0352000000004556 5.08524676575127
0.0356000000004612 5.09087008645712
0.0360000000004661 5.13090519602393
0.0364000000004735 5.14437418807933
0.0368000000004785 5.1894955105561
0.0372000000004822 5.24865057916017
0.0376000000004895 5.31373414285124
0.0380000000004949 5.33850907439654
0.0384000000004997 5.39467350279552
0.0388000000005023 5.45906123060829
0.0392000000005068 5.47872267331464
0.039600000000513 5.53908329578882
0.040000000000518 5.58991161334599
0.040400000000525 5.60378623294704
0.0408000000005307 5.59415283632239
0.0412000000005348 5.66320594511662
0.0416000000005413 5.68508281359402
0.0420000000005473 5.6639013307008
0.0424000000005521 5.70572204569293
0.0428000000005543 5.69967503560659
0.0432000000005591 5.69247827315557
0.0436000000005659 5.72766009606752
0.0440000000005699 5.71938616406198
0.044400000000576 5.71586647066693
0.0448000000005823 5.7354384712983
0.0452000000005875 5.70972126427543
0.0456000000005935 5.73946836695283
0.0460000000005996 5.76843351901974
0.0464000000006039 5.79102216724807
0.0468000000006066 5.79835795678325
0.0472000000006105 5.83156267243743
0.047600000000618 5.90482485120129
0.0480000000006217 5.94175314872795
0.0484000000006274 6.00475628357653
0.0488000000006341 6.03124565169188
0.0492000000006391 6.05299286872452
0.0496000000006447 6.13501296979493
0.0500000000006508 6.14482111487978
0.0504000000006559 6.19984180097995
0.0508000000006599 6.21139547626119
0.0512000000006629 6.22440544697274
0.0516000000006693 6.26474140765089
0.0520000000006737 6.26472114592391
0.0524000000006799 6.29208449907375
0.0528000000006868 6.2743400003632
0.053200000000692 6.28042862487424
0.053600000000696 6.29143560512618
0.054000000000703 6.26354597742355
0.0544000000007084 6.29832685413958
0.0548000000007124 6.29217333734874
0.0552000000007157 6.29370474052659
0.0556000000007206 6.31499940198684
0.0560000000007265 6.32072845949346
0.0564000000007317 6.28248370221691
0.0568000000007386 6.29797540086938
0.0572000000007444 6.31524539265564
0.0576000000007478 6.31828641780529
0.0580000000007554 6.34249540827781
0.0584000000007605 6.37196594093271
0.058800000000766 6.41280099283116
0.0592000000007685 6.45998850657052
0.0596000000007728 6.45806568736462
0.060000000000779 6.50688797298317
0.0604000000007836 6.53557636268613
0.0608000000007898 6.56705247669662
0.0612000000007958 6.52243951324958
0.0616000000008012 6.50172530827261
0.0620000000008074 6.49499923748491
0.0624000000008128 6.40049339708965
0.0628000000008178 6.32124489917164
0.0632000000008196 6.12536596226092
0.0636000000008239 5.88117104134227
0.064000000000831 5.54562622172975
0.0644000000008355 5.12966332174171
0.0648000000008414 4.6618404356019
0.0652000000008476 4.13516895913194
0.0656000000008525 3.56850535455227
0.0660000000008587 3.0097274802536
0.0664000000008649 2.42871226376922
0.0668000000008691 1.78702915585153
0.0672000000008729 1.18564563724931
0.0676000000008764 0.619301118659858
0.0680000000008826 0.0876086640095509
