# Fix print output for fix out1
-2.01565799872245e-15 0.108304732912932
0.000199999999997999 0.0953454463295448
0.000399999999998014 0.0499917989709365
0.000599999999998029 0.0488565589432304
0.000799999999998044 0.36846648851709
0.000999999999998059 0.473358694694303
0.00119999999999807 0.268450788385287
0.00139999999999809 0.0244966290946194
0.0015999999999981 0.0626809638920137
0.00179999999999812 0.127455380094965
0.00199999999999785 0.198857571146436
0.00219999999999786 0.30386154199947
0.00239999999999788 0.337753171191676
0.00259999999999789 0.336059101732981
0.00279999999999791 0.195255947235828
0.00299999999999792 -0.259729799355307
0.00319999999999794 -0.0386107250239503
0.00339999999999795 0.494346593547235
0.00359999999999797 0.510268201725375
0.00379999999999798 0.161196489468732
0.003999999999998 0.277325184795746
0.00419999999999801 0.327489893757741
0.00439999999999803 0.179502279882775
0.00459999999999804 0.235124374269817
0.00479999999999806 0.506390318034401
0.00499999999999807 0.448468756569944
0.00519999999999809 0.233521189443731
0.0053999999999981 0.119539689980884
0.00559999999999812 0.0759139616538908
0.00579999999999784 0.0903665197463555
0.00599999999999786 0.543041061059421
0.00619999999999787 0.607989410310203
0.00639999999999789 0.289687976723983
0.0065999999999979 0.244204845768832
0.00679999999999792 0.246455231058842
0.00699999999999793 0.334359103987943
0.00719999999999795 0.402158235280246
0.00739999999999796 0.672945353207125
0.00759999999999798 0.589458824750514
0.00779999999999799 0.439493682302776
0.00799999999999801 0.111801290134535
0.00819999999999802 -0.0383068832334241
0.00839999999999804 0.496302200754615
0.00859999999999805 0.88417540363852
0.00879999999999807 0.740475536971364
0.00899999999999808 0.359474728394477
0.0091999999999981 0.452031909358872
0.00939999999999783 0.399650572620821
0.00959999999999784 0.376538908857845
0.00979999999999785 0.398815426262767
0.00999999999999787 0.594171237088333
0.0101999999999979 0.672516921777167
0.0103999999999979 0.520712747883238
0.0105999999999979 0.50099172822845
0.0107999999999979 0.435350707669999
0.0109999999999979 0.291566389444287
0.011199999999998 0.314178036514816
0.011399999999998 0.670287953442594
0.011599999999998 0.646072897533291
0.011799999999998 0.478406447128375
0.011999999999998 0.547630110580751
0.012199999999998 0.3890850368337
0.012399999999998 0.410166151958493
0.0125999999999981 0.689593702676912
0.0127999999999981 0.68474940057832
0.0129999999999981 0.760256550478637
0.0131999999999978 0.55740823770993
0.0133999999999978 0.561273617533626
0.0135999999999978 0.557380520744151
0.0137999999999979 0.445556239887555
0.0139999999999979 0.625999905365913
0.0141999999999979 0.76013366978285
0.0143999999999979 0.679134609866372
0.0145999999999979 0.669036037652775
0.0147999999999979 0.519287292361495
0.014999999999998 0.635910885980717
0.015199999999998 0.684885737921104
0.015399999999998 0.574131397353912
0.015599999999998 0.381736425658254
0.015799999999998 0.562937961680053
0.015999999999998 1.00958589350167
0.016199999999998 0.880367059550183
0.0163999999999981 0.459098370948799
0.0165999999999981 0.516731171352933
0.0167999999999981 0.674235607276878
0.0169999999999978 0.657407569664995
0.0171999999999978 0.677371980948124
0.0173999999999978 0.824688281371652
0.0175999999999979 1.02102360043243
0.0177999999999979 1.07013284871131
0.0179999999999979 0.743161004652229
0.0181999999999979 0.596942083757212
0.0183999999999979 0.58536643629674
0.0185999999999979 0.70239853239443
0.018799999999998 1.03843114683144
0.018999999999998 1.21224770687767
0.019199999999998 0.937172363134172
0.019399999999998 0.627446937165959
0.019599999999998 0.485479331287575
0.019799999999998 0.963470421297951
0.019999999999998 1.10042526043843
0.0201999999999981 0.918801342181083
0.0203999999999981 0.898996241884901
0.0205999999999981 0.689472607860178
0.0207999999999978 0.519311950046708
0.0209999999999978 0.704327886370429
0.0211999999999978 1.21669998122314
0.0213999999999979 1.4591571806874
0.0215999999999979 1.17155227243904
0.0217999999999979 0.731735420179338
0.0219999999999979 0.703905905897318
0.0221999999999979 1.00376771606625
0.0223999999999979 1.09589834442949
0.0225999999999979 1.00953112183603
0.022799999999998 0.822506992804204
0.022999999999998 0.84510320581297
0.023199999999998 1.0168125630784
0.023399999999998 1.12857088600589
0.023599999999998 0.978546878343208
0.023799999999998 0.852034850032778
0.0239999999999981 0.7654874342439
0.0241999999999981 1.00497354191809
0.0243999999999979 1.31826921209748
0.0245999999999978 1.09435507482392
0.0247999999999978 0.876613954708136
0.0249999999999978 1.09243498362176
0.0251999999999979 1.19500154238778
0.0253999999999979 0.907468311470475
0.0255999999999979 0.904001255356205
0.0257999999999979 0.993953755578682
0.0259999999999979 1.17320662770473
0.0261999999999979 1.33090797342903
0.0263999999999979 1.28775104488112
0.026599999999998 1.05473373975354
0.026799999999998 0.861893701208508
0.026999999999998 1.03676448832306
0.027199999999998 1.29188702360775
0.027399999999998 1.36454005920166
0.027599999999998 1.26109403536864
0.027799999999998 1.01683687665853
0.0279999999999981 0.931568023990498
0.0281999999999979 1.31897394296344
0.0283999999999978 1.49013700530252
0.0285999999999978 1.02616135975833
0.0287999999999978 1.04828102345634
0.0289999999999979 1.21508323937543
0.0291999999999979 1.18557946020116
0.0293999999999979 1.3851333801883
0.0295999999999979 1.265840483588
0.0297999999999979 1.09109621931131
0.0299999999999979 1.15371104849526
0.0301999999999979 1.34711820685628
0.030399999999998 1.55288479971092
0.030599999999998 1.49391918074489
0.030799999999998 1.47814221991126
0.030999999999998 1.23047008963107
0.031199999999998 1.04335007565611
0.031399999999998 1.40230678190061
0.031599999999998 1.32382110296427
0.0317999999999981 1.26283996960759
0.0319999999999978 1.42201469033714
0.0321999999999978 1.61365064211151
0.0323999999999978 1.43444261306353
0.0325999999999978 1.19826267054034
0.0327999999999979 1.37744917378141
0.0329999999999979 1.61429923147585
0.0331999999999979 1.48911104712399
0.0333999999999979 1.3594564299433
0.0335999999999979 1.51499771963194
0.0337999999999979 1.44189050049152
0.0339999999999979 1.26323661717773
0.034199999999998 1.45530140053087
0.034399999999998 1.67250330563962
0.034599999999998 1.59182638156314
0.034799999999998 1.40688549931569
0.034999999999998 1.12547468250612
0.035199999999998 1.34756336993884
0.035399999999998 1.52888469518767
0.0355999999999981 1.3991072509335
0.0357999999999978 1.5982059780795
0.0359999999999978 1.60375822541482
0.0361999999999978 1.55858548666929
0.0363999999999978 1.49033408751827
0.0365999999999978 1.44702254489959
0.0367999999999979 1.5646328482663
0.0369999999999979 1.67179454105704
0.0371999999999979 1.64743292140983
0.0373999999999979 1.74483771372989
0.0375999999999979 1.55452385628073
0.0377999999999979 1.28088800083139
0.037999999999998 1.3929523047584
0.038199999999998 1.78897822844479
0.038399999999998 1.84365346792385
0.038599999999998 1.49905884411901
0.038799999999998 1.36907916515979
0.038999999999998 1.6208862675411
0.039199999999998 1.89066594219006
0.0393999999999979 1.8735599066263
0.0395999999999978 1.65138382762024
0.0397999999999978 1.3103990715029
0.0399999999999978 1.25651151247743
0.0401999999999978 1.61894135633094
0.0403999999999978 1.91566754114418
0.0405999999999979 1.95621297402314
0.0407999999999979 1.68872016139133
0.0409999999999979 1.61899942346159
0.0411999999999979 1.475789491202
0.0413999999999979 1.75544034243077
0.0415999999999979 1.97647516839619
0.0417999999999979 2.04791360511693
0.041999999999998 1.88854224510998
0.042199999999998 1.56295357803076
0.042399999999998 1.46482574939735
0.042599999999998 1.81311784884769
0.042799999999998 2.09505128113437
0.042999999999998 2.0901759139795
0.0431999999999979 1.68033852601742
0.0433999999999978 1.36968500753902
0.0435999999999978 1.7052449087069
0.0437999999999978 1.98206713743603
0.0439999999999978 1.92322608459739
0.0441999999999978 1.84508823800323
0.0443999999999979 1.79413544404761
0.0445999999999979 1.70787176731142
0.0447999999999979 1.73294681268255
0.0449999999999979 1.99150054037415
0.0451999999999979 2.12784052891579
0.0453999999999979 2.19863845074954
0.0455999999999979 1.89871565129781
0.045799999999998 1.60483560152258
0.045999999999998 1.75182823673768
0.046199999999998 2.09584758594981
0.046399999999998 2.04424413038189
0.046599999999998 2.22065971359527
0.046799999999998 2.28672951402342
0.0469999999999978 1.97194701606143
0.0471999999999978 1.63575135462043
0.0473999999999978 1.92336068752011
0.0475999999999978 2.30914028317182
0.0477999999999978 2.29749214035692
0.0479999999999978 2.06208406143027
0.0481999999999978 2.01534374093867
0.0483999999999979 1.71021289572522
0.0485999999999979 1.93399932053696
0.0487999999999979 2.3025745589773
0.0489999999999979 2.34421701570163
0.0491999999999979 2.34245382046341
0.0493999999999979 2.27581690136673
0.049599999999998 2.0282050561427
0.049799999999998 1.94726853547862
0.049999999999998 2.03351505752698
0.050199999999998 2.17695234936133
0.050399999999998 2.36628258173043
0.050599999999998 2.36533232070851
0.0507999999999978 2.21148612715608
0.0509999999999978 1.90631444367079
0.0511999999999978 2.05233924958901
0.0513999999999978 2.31822813293857
0.0515999999999978 2.23911067590993
0.0517999999999978 2.30493000204963
0.0519999999999978 2.55442763036443
0.0521999999999979 2.388661204613
0.0523999999999979 2.0696840627298
0.0525999999999979 2.24173759834787
0.0527999999999979 2.41145775331379
0.0529999999999979 2.18394578025993
0.0531999999999979 2.24950861712067
0.0533999999999979 2.38000278130827
0.053599999999998 2.45302111918569
0.053799999999998 2.55003501051935
0.053999999999998 2.43710161335474
0.054199999999998 2.3533406547614
0.0543999999999979 2.26642331157733
0.0545999999999978 2.02833160015514
0.0547999999999978 2.47869967155492
0.0549999999999978 2.84157487344889
0.0551999999999978 2.74838160135511
0.0553999999999978 2.38753534689185
0.0555999999999978 2.28395715075071
0.0557999999999978 2.22246407266841
0.0559999999999979 2.56597662390274
0.0561999999999979 2.55375051996386
0.0563999999999979 2.41760336093689
0.0565999999999979 2.47514325742595
0.0567999999999979 2.50559983989199
0.0569999999999979 2.62925244939664
0.0571999999999979 2.74898044266965
0.057399999999998 2.77237188020415
0.057599999999998 2.51591373231916
0.057799999999998 2.26157789312149
0.057999999999998 2.18577546565132
0.0581999999999979 2.78422268891896
0.0583999999999978 2.80339076515411
0.0585999999999978 2.55148739390391
0.0587999999999978 2.44453632009888
0.0589999999999978 2.46898070458756
0.0591999999999978 2.43760490763931
0.0593999999999978 2.7244175220527
0.0595999999999978 2.86129015321766
0.0597999999999979 2.75667148275362
0.0599999999999979 2.40855617654054
0.0601999999999979 2.48211403387511
0.0603999999999979 2.36466336057613
0.0605999999999979 2.70710841457442
0.0607999999999979 3.10507971324537
0.0609999999999979 3.18288421105714
0.061199999999998 2.66463034816464
0.061399999999998 2.22785960324203
0.061599999999998 2.52923967352197
0.061799999999998 2.89286454324259
0.0619999999999979 2.93894941405638
0.0621999999999977 2.9302822380323
0.0623999999999978 2.58866993893099
0.0625999999999978 2.51669337673588
0.0627999999999978 2.94710339950612
0.0629999999999978 3.26875803594631
0.0631999999999978 2.95592898630114
0.0633999999999978 2.64190482664945
0.0635999999999979 2.55291782500611
0.0637999999999979 2.59735491700305
0.0639999999999979 2.86341746188168
0.0641999999999979 3.20849272266488
0.0643999999999979 3.02281886004
0.0645999999999979 2.68481208918587
0.0647999999999979 2.53574326398964
0.064999999999998 2.96229183754184
0.065199999999998 3.20858844490404
0.065399999999998 2.96910129731089
0.065599999999998 2.75274416193002
0.0657999999999979 2.76701432980455
0.0659999999999977 2.85064485980954
0.0661999999999978 2.92074714026238
0.0663999999999978 3.17225388317031
0.0665999999999978 3.17817039058271
0.0667999999999978 2.69093164785513
0.0669999999999978 2.59246401431317
0.0671999999999978 3.06802091238941
0.0673999999999979 3.26729142806673
0.0675999999999979 3.22332180038385
0.0677999999999979 2.92216854411126
0.0679999999999979 2.89222039234376
0.0681999999999979 2.8742203597916
0.0683999999999979 3.09697426885944
0.0685999999999979 3.37680207748603
0.0687999999999979 3.30818431895513
0.068999999999998 2.68387709515213
0.069199999999998 2.44218265076806
0.0693999999999979 3.04403405870294
0.0695999999999977 3.3938961713495
0.0697999999999977 3.07210128728678
0.0699999999999978 2.78817032448354
0.0701999999999978 3.10467171005664
0.0703999999999978 3.06449694926968
0.0705999999999978 2.85930924726746
0.0707999999999978 2.66786012543504
0.0709999999999978 2.63315112631189
0.0711999999999978 2.67642291323475
0.0713999999999979 2.82854531048516
0.0715999999999979 2.66466954938627
0.0717999999999979 2.61773523202327
0.0719999999999979 2.70274277510178
0.0721999999999979 2.81223296791875
0.0723999999999979 2.7635413152087
0.0725999999999979 2.81496499870777
0.072799999999998 2.7594398039272
0.072999999999998 2.44926809882459
0.073199999999998 2.30703069869881
0.0733999999999979 2.32577451724987
0.0735999999999977 2.51636318802073
0.0737999999999978 2.56605635599501
0.0739999999999978 2.09913225303733
0.0741999999999978 1.6182034731897
0.0743999999999978 1.95861601159335
0.0745999999999978 2.58421909378009
0.0747999999999978 2.60667133499109
0.0749999999999978 2.4764319916825
0.0751999999999979 2.47348201220416
0.0753999999999979 2.54091316543852
0.0755999999999979 2.41848811476814
0.0757999999999979 2.00247021678881
0.0759999999999979 1.89693768041015
0.0761999999999979 1.76029130775421
0.0763999999999979 1.7057962253281
0.076599999999998 1.77896746093447
0.076799999999998 1.91879335176575
0.0769999999999977 1.93244507211637
0.0771999999999977 1.87308731619885
0.0773999999999977 1.82493014072095
0.0775999999999977 1.7682384300368
0.0777999999999978 1.79996042602341
0.0779999999999978 1.79004430007407
0.0781999999999978 1.65828354008111
0.0783999999999978 1.38376308558304
