# Fix print output for fix out1
-1.83062195083634e-15 -0.0181471074949815
0.000199999999998116 0.235572752449829
0.000399999999998062 0.00684587031236563
0.000599999999998314 0.222710945426543
0.00079999999999826 0.0168276764033946
0.000999999999998207 0.132123572903459
0.00119999999999815 0.0984974413570714
0.0013999999999981 0.230544554742903
0.00159999999999805 0.313785687353432
0.0017999999999983 0.232833834047269
0.00199999999999824 0.376395637522506
0.00219999999999819 0.464070106259087
0.00239999999999814 0.387595701938738
0.00259999999999808 0.405959367599708
0.00279999999999803 0.430551300834629
0.00299999999999828 0.466139749424124
0.00319999999999823 0.398147133222153
0.00339999999999817 0.597885488793254
0.00359999999999812 0.515642699503419
0.00379999999999807 0.48492044930135
0.00399999999999801 0.433464752792851
0.00419999999999826 0.30503166727086
0.00439999999999821 0.343939847736279
0.00459999999999816 0.421355251129655
0.0047999999999981 0.405218992689706
0.00499999999999805 0.466802054485551
0.0051999999999983 0.426413424637486
0.00539999999999825 0.520932194189999
0.00559999999999819 0.503452820358272
0.00579999999999814 0.272084045775515
0.00599999999999809 0.654977866771608
0.00619999999999803 0.341949957876398
0.00639999999999828 0.601667109842378
0.00659999999999823 0.49544731124266
0.00679999999999818 0.526829213971639
0.00699999999999812 0.429912308729906
0.00719999999999807 0.519163695313513
0.00739999999999802 0.221291084103442
0.00759999999999827 0.469770202448101
0.00779999999999821 0.361910516076604
0.00799999999999816 0.493419908503891
0.00819999999999811 0.529682406965746
0.00839999999999805 0.598497036741501
0.00859999999999815 0.771213928302561
0.00879999999999825 0.679435270216859
0.0089999999999982 0.905793854994399
0.00919999999999814 0.729307907938621
0.00939999999999809 0.917167816748399
0.00959999999999804 0.798693286988871
0.00979999999999829 0.970256312303669
0.00999999999999823 1.04183545511677
0.0101999999999982 0.916844476718289
0.0103999999999981 1.12269272974276
0.0105999999999981 1.04566477065564
0.010799999999998 1.22963399570017
0.0109999999999983 1.07625337638315
0.0111999999999982 1.25583015173473
0.0113999999999982 1.01943317016637
0.0115999999999981 1.09161233129226
0.0117999999999981 1.04853917653082
0.011999999999998 0.914771318166302
0.0121999999999983 1.02908190174966
0.0123999999999982 0.934812658720547
0.0125999999999981 1.02750715149943
0.0127999999999981 0.907852203519538
0.012999999999998 1.02902422483757
0.0131999999999983 0.936004672838246
0.0133999999999982 1.12824018027131
0.0135999999999982 1.02613022130156
0.0137999999999981 1.18941289405333
0.0139999999999981 0.997749200494818
0.014199999999998 1.19425320378061
0.0143999999999983 0.958068461777423
0.0145999999999982 1.1468178733283
0.0147999999999982 1.13953645939561
0.0149999999999981 1.04042875406397
0.0151999999999981 1.3665730184322
0.015399999999998 1.13285754670684
0.0155999999999983 1.35052378631788
0.0157999999999982 1.26307484114389
0.0159999999999982 1.46499711885547
0.0161999999999981 1.37638448011698
0.016399999999998 1.42187064159405
0.016599999999998 1.53092842398342
0.0167999999999982 1.44358967714366
0.0169999999999982 1.52805069097101
0.0171999999999981 1.39882082700724
0.0173999999999981 1.33059705471699
0.017599999999998 1.30245678327278
0.0177999999999983 1.1165466409654
0.0179999999999982 1.37633560565018
0.0181999999999982 1.29305289593523
0.0183999999999981 1.20151148904427
0.0185999999999981 1.31067687746056
0.018799999999998 1.22830987036831
0.0189999999999983 1.18738827688596
0.0191999999999982 1.21087391799805
0.0193999999999982 1.24761999837008
0.0195999999999981 1.31621659666921
0.019799999999998 1.41161537343829
0.019999999999998 1.39142392574178
0.0201999999999982 1.64668893701198
0.0203999999999982 1.4828879353635
0.0205999999999981 1.47811082523767
0.0207999999999981 1.66106528547533
0.020999999999998 1.57201089467078
0.0211999999999981 1.75892227552122
0.0213999999999982 1.57474332460863
0.0215999999999982 1.73015186008402
0.0217999999999981 1.78824458429461
0.0219999999999981 1.6178352206551
0.022199999999998 1.70527513047105
0.0223999999999983 1.60845609811925
0.0225999999999982 1.68686183671993
0.0227999999999982 1.64592094470509
0.0229999999999981 1.67298010992668
0.0231999999999981 1.55062026723422
0.023399999999998 1.55495343475207
0.0235999999999983 1.68729210337857
0.0237999999999982 1.68286980187546
0.0239999999999981 1.49666124855815
0.0241999999999981 1.74846452563731
0.024399999999998 1.63057965088697
0.024599999999998 1.84359863019733
0.0247999999999982 1.53716283325007
0.0249999999999982 1.70745802260116
0.0251999999999981 1.80106267953325
0.0253999999999981 1.64714510238683
0.025599999999998 1.7708045773901
0.0257999999999983 1.65466175795572
0.0259999999999982 1.81493079404119
0.0261999999999982 1.74633884190881
0.0263999999999981 1.79567924006443
0.0265999999999981 1.89390469439082
0.026799999999998 1.91427255206815
0.0269999999999983 1.84498690047847
0.0271999999999982 1.93922214697597
0.0273999999999981 1.90865148317309
0.0275999999999981 1.95422989884572
0.027799999999998 1.93161228793578
0.027999999999998 1.94128185591116
0.0281999999999982 2.14438474973445
0.0283999999999982 1.89891167563401
0.0285999999999981 2.38193466399139
0.0287999999999981 2.05444913379505
0.028999999999998 2.2583194849177
0.029199999999998 2.02104352287613
0.0293999999999982 2.22284632307775
0.0295999999999982 2.27286687342159
0.0297999999999981 2.13090985292951
0.0299999999999981 2.12503209834461
0.030199999999998 2.16575059831194
0.0303999999999983 2.27235540697083
0.0305999999999982 2.15501675003759
0.0307999999999982 2.41462246821096
0.0309999999999981 2.17141871698625
0.031199999999998 2.24123465413623
0.031399999999998 2.31888130733356
0.0315999999999982 2.13343364658243
0.0317999999999982 2.45939190902505
0.0319999999999981 2.13860142652572
0.0321999999999981 2.30703096802632
0.032399999999998 2.06735720276556
0.032599999999998 2.24865905862605
0.0327999999999982 2.31126422865115
0.0329999999999982 2.23414296991743
0.0331999999999981 2.22735284817489
0.0333999999999981 2.17788525155144
0.033599999999998 2.2738521889288
0.033799999999998 2.10466023535523
0.0339999999999982 2.43234943448671
0.0341999999999982 2.27617250222778
0.0343999999999981 2.31330181704307
0.034599999999998 2.3807142559943
0.034799999999998 2.09429042252831
0.0349999999999982 2.37834946961551
0.0351999999999982 2.10718598328645
0.0353999999999981 2.32448882689514
0.0355999999999981 2.31168963993769
0.035799999999998 2.24787908844597
0.035999999999998 2.40694515076622
0.0361999999999982 2.33656711175582
0.0363999999999982 2.49869748526389
0.0365999999999981 2.468855348263
0.0367999999999981 2.48442497472784
0.036999999999998 2.74103546697162
0.037199999999998 2.48103280430077
0.0373999999999982 2.45617932957382
0.0375999999999982 2.37789356430552
0.0377999999999981 2.47436356915946
0.037999999999998 2.38220099793309
0.038199999999998 2.38206207844267
0.0383999999999981 2.48970937815549
0.0385999999999982 2.45237889816938
0.0387999999999981 2.51274533956286
0.0389999999999981 2.39699627175005
0.039199999999998 2.44547875122366
0.039399999999998 2.43954611598114
0.0395999999999982 2.36838842988245
0.0397999999999982 2.43760592295119
0.0399999999999981 2.45456148245536
0.0401999999999981 2.29490606298074
0.040399999999998 2.36407299768562
0.040599999999998 2.3940128147805
0.0407999999999982 2.31814483531777
0.0409999999999982 2.48618415210229
0.0411999999999981 2.27680135036543
0.0413999999999981 2.4596667514782
0.041599999999998 2.46347392408143
0.0417999999999979 2.5529236961443
0.0419999999999982 2.51429257019947
0.0421999999999981 2.64447456974534
0.0423999999999981 2.7632460630771
0.042599999999998 2.63424880142097
0.042799999999998 2.64569446295062
0.0429999999999981 2.59943436881022
0.0431999999999982 2.74682920208404
0.0433999999999981 2.54230291757685
0.0435999999999981 2.74027512806453
0.043799999999998 2.59031091636923
0.043999999999998 2.59993214129618
0.0441999999999982 2.55503442949978
0.0443999999999982 2.16815453756747
0.0445999999999981 2.64323927089076
0.0447999999999981 2.13932024972853
0.044999999999998 2.62524852835379
0.045199999999998 2.39794907569765
0.0453999999999982 2.36357096734971
0.0455999999999981 2.59638894970781
0.0457999999999981 2.28117999853746
0.045999999999998 2.68349836089644
0.046199999999998 2.31868095207072
0.0463999999999979 2.63035034153292
0.0465999999999982 2.69445944992996
0.0467999999999981 2.34932064007868
0.0469999999999981 2.71893682137669
0.047199999999998 2.37388818309648
0.047399999999998 2.49675537591892
0.0475999999999982 2.55303611757701
0.0477999999999982 2.4952879940805
0.0479999999999981 2.77980021266431
0.0481999999999981 2.77233130443876
0.048399999999998 2.68252986867899
0.048599999999998 2.92605903520559
0.0487999999999982 2.65608755405155
0.0489999999999982 2.87036063105091
0.0491999999999981 2.83669605078899
0.049399999999998 2.66273486038851
0.049599999999998 2.83344652072929
0.0497999999999979 2.70131783153581
0.0499999999999982 2.87610875553013
0.0501999999999981 2.37452405535883
0.0503999999999981 2.7458608239808
0.050599999999998 2.61705278213412
0.050799999999998 2.32848329203074
0.0509999999999981 2.86562482526311
0.0511999999999982 2.31290857744372
0.0513999999999981 2.73609484637894
0.0515999999999981 2.66558654656593
0.051799999999998 2.64914178855601
0.051999999999998 2.69548687917792
0.0521999999999982 2.56596255578454
0.0523999999999982 2.90072777290851
0.0525999999999981 2.62276372968662
0.052799999999998 2.60861935765416
0.052999999999998 2.88779536036207
0.0531999999999979 2.55514363134977
0.0533999999999982 2.84421111388463
0.0535999999999981 2.7402672309499
0.0537999999999981 2.69044794525704
0.053999999999998 3.04305339991309
0.054199999999998 2.68440149189087
0.0543999999999979 2.76689307564483
0.0545999999999982 2.70838424626617
0.0547999999999981 2.65826665531481
0.0549999999999981 2.74546216367128
0.055199999999998 2.58157065089404
0.055399999999998 2.63452300535583
0.0555999999999981 2.61067642463386
0.0557999999999982 2.4177423903627
0.0559999999999981 2.81803845943961
0.0561999999999981 2.30229117924563
0.056399999999998 2.77873870130917
0.056599999999998 2.80051381417649
0.0567999999999982 2.56956275620238
0.0569999999999981 2.97167530048528
0.0571999999999981 2.75357450782918
0.057399999999998 2.52351271532449
0.057599999999998 3.08390887720509
0.0577999999999979 2.63719663752004
0.0579999999999982 2.86573288589934
0.0581999999999981 2.97225170418256
0.0583999999999981 2.67623989067399
0.058599999999998 3.09933763229515
0.058799999999998 2.68557339771739
0.0589999999999979 2.79628359871764
0.0591999999999982 3.17384774167623
0.0593999999999981 2.61332861805711
0.0595999999999981 3.0241323308156
0.059799999999998 2.77304330658755
0.059999999999998 2.85095971871535
0.0601999999999981 3.06756600803056
0.0603999999999981 2.88946560439964
0.0605999999999981 3.04046451603326
0.060799999999998 3.06183478609431
0.060999999999998 2.53329257815781
0.0611999999999979 2.86184266991545
0.0613999999999982 2.65245071771297
0.0615999999999981 2.71887836988029
0.0617999999999981 2.80682999253549
0.061999999999998 2.59456324942684
0.062199999999998 2.60940658727061
0.0623999999999979 2.61445481178244
0.0625999999999982 2.53282476068248
0.0627999999999981 2.77204808849226
0.0629999999999981 2.83144352231469
0.063199999999998 2.56385874712015
0.063399999999998 2.90263029898
0.0635999999999981 2.60820892966992
0.0637999999999981 2.58626232963896
0.0639999999999981 2.81223703984659
0.0641999999999981 2.47872891235201
0.064399999999998 2.77706336818207
0.0645999999999979 2.78855360164829
0.064799999999998 2.65248598651573
0.0649999999999981 2.98395262433508
0.0651999999999981 2.73759591563253
0.065399999999998 2.83924498060568
0.065599999999998 2.91671370219404
0.0657999999999979 2.87916103805977
0.0659999999999982 2.98109795712384
0.0661999999999981 2.82556336441387
0.0663999999999981 2.78497413809464
0.066599999999998 3.04487568459205
0.066799999999998 2.84417388176647
0.0669999999999979 2.78525998029388
0.0671999999999982 2.774557066748
0.0673999999999981 2.63949191195455
0.0675999999999981 2.79113273717717
0.067799999999998 2.80203008417695
0.067999999999998 2.55717073674556
0.068199999999998 2.61843420973536
0.0683999999999981 2.82161793789751
0.0685999999999981 2.65487776185631
0.068799999999998 2.672820100196
0.068999999999998 2.80244409038653
0.0691999999999979 2.90949057444626
0.0693999999999982 2.89178119553225
0.0695999999999981 2.70712814933891
0.0697999999999981 2.87101609271736
0.069999999999998 2.98120537677653
0.070199999999998 2.8141151426785
0.0703999999999979 2.93474643048986
0.0705999999999982 2.63211936670536
0.0707999999999981 2.61477298702261
0.0709999999999981 2.60906471518206
0.071199999999998 1.78341126785658
0.071399999999998 1.23334418118447
0.0715999999999979 0.942900705653723
0.0717999999999981 0.179379095599877
0.0719999999999981 -0.648470978188268
