# Fix print output for fix out1
1.83483906698849e-15 0.270193086068825
0.000200000000001721 0.00786582582729824
0.000400000000001774 0.273612118777174
0.000600000000001827 0.241723398119941
0.000800000000001713 0.163395567400629
0.00100000000000177 0.16691352380793
0.00120000000000182 -0.0664949700268314
0.0014000000000017 -0.0451753499515223
0.00160000000000176 0.490851640519755
0.00180000000000181 0.525662139798389
0.0020000000000017 0.216924153387818
0.00220000000000175 0.0446388496394904
0.0024000000000018 0.0330816379209983
0.00260000000000169 0.482512491794783
0.00280000000000174 0.657465682977941
0.00300000000000179 0.244800743023826
0.00320000000000168 0.0818252356594066
0.00340000000000173 0.417986490034678
0.00360000000000179 0.60599907064323
0.00380000000000184 0.569722269665739
0.00400000000000172 0.661885630229684
0.00420000000000178 0.415820276993835
0.00440000000000183 0.0442586903329469
0.00460000000000172 0.612829676324913
0.00480000000000177 0.954525956713425
0.00500000000000182 0.647198573245786
0.00520000000000171 0.539493104520278
0.00540000000000176 0.543960346349033
0.00560000000000181 0.677257292471954
0.0058000000000017 0.935856605924188
0.00600000000000175 0.849418870025374
0.00620000000000181 0.824845669720451
0.00640000000000169 0.789626847575395
0.00660000000000175 0.594736925060644
0.0068000000000018 0.778015041645294
0.00700000000000168 1.07827251268038
0.00720000000000174 1.05328150731169
0.00740000000000179 0.804603709663216
0.00760000000000184 0.859584100800286
0.00780000000000173 0.979368871779157
0.00800000000000178 1.06431222682749
0.00820000000000183 1.07642024829088
0.00840000000000172 1.1959906460149
0.00860000000000177 1.2461089607949
0.00880000000000183 0.851811899879678
0.00900000000000171 0.806425407959317
0.00920000000000177 1.44722157716981
0.00940000000000182 1.04746468418718
0.0096000000000017 0.682342670352705
0.00980000000000176 1.40965906197177
0.0100000000000018 1.5888374913934
0.0102000000000017 1.01548600515839
0.0104000000000017 0.895720866657613
0.0106000000000018 1.41023415877146
0.0108000000000019 1.6916981376958
0.0110000000000017 1.42602213110959
0.0112000000000018 1.04464535436611
0.0114000000000018 1.10436522615736
0.0116000000000017 1.68682691052005
0.0118000000000018 1.71654768487263
0.0120000000000018 1.30070086101891
0.0122000000000017 1.24375734136605
0.0124000000000018 1.28496966541258
0.0126000000000018 1.50384076844835
0.0128000000000017 1.88853604976833
0.0130000000000018 1.6424109847949
0.0132000000000018 1.31618110628795
0.0134000000000017 1.506619601602
0.0136000000000018 1.72895881587404
0.0138000000000018 1.66616626366238
0.0140000000000017 1.7864526353778
0.0142000000000018 1.78281165884229
0.0144000000000018 1.24111976962582
0.0146000000000019 1.44922383214511
0.0148000000000017 1.89126021390809
0.0150000000000018 2.03397709699912
0.0152000000000019 1.87560908167485
0.0154000000000017 1.56530151731149
0.0156000000000018 1.30935695969905
0.0158000000000018 1.81170897782089
0.0160000000000017 2.26191061334719
0.0162000000000018 1.86411246914808
0.0164000000000018 1.65383632239023
0.0166000000000017 2.03097853689956
0.0168000000000018 2.0775992811554
0.0170000000000018 1.78031192638789
0.0172000000000017 1.69849273317575
0.0174000000000018 2.05128983550264
0.0176000000000018 2.25631539234688
0.0178000000000017 1.94754483381413
0.0180000000000018 1.88301788006409
0.0182000000000018 2.05012511318618
0.0184000000000019 2.01770688253049
0.0186000000000017 2.08197468961394
0.0188000000000018 2.38322355884128
0.0190000000000019 2.12541568593014
0.0192000000000017 1.96699649546213
0.0194000000000018 2.34048337256557
0.0196000000000018 2.28337691224434
0.0198000000000017 2.05400661193323
0.0200000000000018 2.35929647632843
0.0202000000000018 2.47212880267427
0.0204000000000017 2.26797205655615
0.0206000000000018 2.3974210867679
0.0208000000000018 2.45651898587641
0.0210000000000017 2.2471515724441
0.0212000000000018 2.2714382521484
0.0214000000000018 2.34495352104856
0.0216000000000019 2.35526851326914
0.0218000000000018 2.31854167724934
0.0220000000000018 2.36140903661221
0.0222000000000019 2.68810691122813
0.0224000000000018 2.42176720432901
0.0226000000000018 2.3462269400945
0.0228000000000019 2.52939233786872
0.0230000000000017 2.60307741935503
0.0232000000000018 2.92389084528904
0.0234000000000018 2.71950829342736
0.0236000000000017 2.29836374621112
0.0238000000000018 2.49725632481536
0.0240000000000018 2.93513358039285
0.0242000000000017 3.05951628559073
0.0244000000000018 2.75637117577183
0.0246000000000018 2.63090862766576
0.0248000000000017 2.64362868173963
0.0250000000000018 2.88354315250456
0.0252000000000018 2.95919368811054
0.0254000000000017 2.8140215716222
0.0256000000000018 2.56511447350144
0.0258000000000018 2.69694864302678
0.0260000000000019 2.90520601716771
0.0262000000000018 2.97212073564414
0.0264000000000018 3.12720531207081
0.0266000000000019 2.78293636412996
0.0268000000000017 2.62878251498823
0.0270000000000018 3.03958259595866
0.0272000000000019 3.10503716819886
0.0274000000000017 2.94386037272098
0.0276000000000018 2.93724719653854
0.0278000000000018 3.01005001496711
0.0280000000000017 2.98846283893741
0.0282000000000018 3.22772673863957
0.0284000000000018 3.10620393288485
0.0286000000000019 3.05249205276261
0.0288000000000018 3.01928603697043
0.0290000000000018 3.15964576104592
0.0292000000000019 3.3783637264413
0.0294000000000018 3.26646401880715
0.0296000000000018 3.04766404898846
0.0298000000000019 3.17873822644517
0.0300000000000018 3.30434245073837
0.0302000000000018 3.38328114867102
0.0304000000000019 3.33543098200558
0.0306000000000018 3.12043268581942
0.0308000000000018 3.21938494992808
0.0310000000000019 3.53767942395174
0.0312000000000017 3.56207428802817
0.0314000000000018 3.1645614208411
0.0316000000000018 3.18212467558666
0.0318000000000017 3.72191008305479
0.0320000000000018 3.84390254124803
0.0322000000000018 3.37551172385176
0.0324000000000019 3.3046835051875
0.0326000000000018 3.68270495190569
0.0328000000000018 3.5906136108832
0.0330000000000019 3.41220430338634
0.0332000000000018 3.37647266809647
0.0334000000000018 3.77561031579069
0.0336000000000019 3.76210523503921
0.0338000000000018 3.6071304966374
0.0340000000000018 3.71514125295711
0.0342000000000019 3.93245225676389
0.0344000000000018 3.6232201900517
0.0346000000000018 3.46079211350871
0.0348000000000019 3.64114726423599
0.0350000000000017 3.97106679251769
0.0352000000000018 4.06945361171812
0.0354000000000019 3.85546350078087
0.0356000000000017 3.45475248053366
0.0358000000000018 3.6702170867347
0.0360000000000018 4.31918412791843
0.0362000000000019 4.09894308308853
0.0364000000000018 3.6520397303197
0.0366000000000018 3.98766071820609
0.0368000000000019 4.36293079854282
0.0370000000000018 3.87601633585847
0.0372000000000018 3.80342464156948
0.0374000000000019 4.24883392531817
0.0376000000000018 4.10973770419374
0.0378000000000018 3.68314129904025
0.0380000000000019 4.03493521415049
0.0382000000000018 4.39427941557484
0.0384000000000018 4.38256953353708
0.0386000000000019 3.84289822358316
0.0388000000000017 3.99513563220369
0.0390000000000018 4.31736410002423
0.0392000000000019 4.18430152691789
0.0394000000000017 4.17566335159291
0.0396000000000018 4.41569691464534
0.0398000000000018 4.27628715302439
0.0400000000000019 4.03768170706031
0.0402000000000018 4.39189232791052
0.0404000000000018 4.60594253771263
0.0406000000000019 4.39874397852216
0.0408000000000018 4.29122085908249
0.0410000000000018 4.56531474171255
0.0412000000000019 4.27863462236368
0.0414000000000018 4.32489642205706
0.0416000000000018 4.61222616841985
0.0418000000000019 4.48691026206487
0.0420000000000018 4.36250296345615
0.0422000000000018 4.54813372578521
0.0424000000000019 4.5519282541582
0.0426000000000018 4.58530488366591
0.0428000000000018 4.39842274852846
0.0430000000000019 4.5584821839855
0.0432000000000019 4.86613652563458
0.0434000000000018 4.62942382470131
0.0436000000000019 4.41510503664441
0.0438000000000019 4.39596633705041
0.0440000000000018 4.87257338497384
0.0442000000000018 4.91497400532286
0.0444000000000019 4.75033997472133
0.0446000000000018 4.60260976157163
0.0448000000000018 4.78165493685693
0.0450000000000019 4.62762219234548
0.0452000000000018 5.00470576418011
0.0454000000000018 5.21074336246352
0.0456000000000019 4.53841748450193
0.0458000000000018 4.23800754970221
0.0460000000000018 5.00755499248865
0.0462000000000019 5.25881930827738
0.0464000000000018 4.89416769028432
0.0466000000000018 4.94259425159047
0.0468000000000019 4.79924067933782
0.0470000000000019 4.83628279604771
0.0472000000000018 5.25339237225657
0.0474000000000019 5.28282516859995
0.0476000000000019 4.91807598305403
0.0478000000000018 5.10639602503897
0.0480000000000018 5.12347910872312
0.0482000000000019 4.8667223375529
0.0484000000000018 5.33191829442185
0.0486000000000018 5.42798415231697
0.0488000000000019 5.02955174309573
0.0490000000000018 4.714034903054
0.0492000000000018 5.33841167312896
0.0494000000000019 5.6081748777521
0.0496000000000018 5.30145861166617
0.0498000000000018 4.93372145274035
0.0500000000000019 4.89175436608057
0.0502000000000019 5.49637470328948
0.0504000000000018 5.58565861178798
0.0506000000000019 5.32181261313122
0.0508000000000019 5.29352236182693
0.0510000000000018 5.32527830736754
0.0512000000000019 5.27794663955734
0.0514000000000019 5.65157628628764
0.0516000000000018 6.00913592015173
0.0518000000000019 5.26058626004363
0.0520000000000019 4.84288310383873
0.0522000000000018 5.54757685432753
0.0524000000000018 5.88579236888311
0.0526000000000019 5.55616052380929
0.0528000000000018 5.50132130742997
0.0530000000000018 5.47823840567522
0.0532000000000019 5.46785376987936
0.0534000000000018 5.57076254684448
0.0536000000000018 5.81232717736913
0.0538000000000019 5.79808667775301
0.0540000000000018 5.49987359290774
0.0542000000000018 5.33200882885321
0.0544000000000019 6.01897646837934
0.0546000000000019 5.89629580097881
0.0548000000000018 5.45870985832585
0.0550000000000019 5.59172608612264
0.0552000000000019 5.84711767692868
0.0554000000000018 6.01004136147254
0.0556000000000019 5.91797138395225
0.0558000000000019 5.70582671636059
0.0560000000000018 5.56731350098653
0.0562000000000018 5.89702925839251
0.0564000000000019 6.01695202650089
0.0566000000000018 5.64547314102949
0.0568000000000018 5.8785691954825
0.0570000000000019 5.98104494428854
0.0572000000000019 5.93264585432994
0.0574000000000018 6.05221311267822
0.0576000000000019 5.91266155117107
0.0578000000000019 5.88815929551065
0.0580000000000018 5.98441429212195
0.0582000000000019 5.84417658491061
0.0584000000000019 6.01293297595475
0.0586000000000018 6.01870793580308
0.0588000000000019 5.86382932960043
0.0590000000000019 6.07957284040504
0.0592000000000018 6.11208728367953
0.0594000000000019 6.01099367980821
0.0596000000000019 6.22296048216406
0.0598000000000018 6.32625125996074
0.0600000000000019 5.80257940335005
0.0602000000000019 5.90207731509968
0.0604000000000018 6.55707871507033
0.0606000000000018 6.18214919487913
0.0608000000000019 5.88776776521523
0.0610000000000019 6.12946204635814
0.0612000000000018 6.09674073053605
0.0614000000000019 6.19293814042868
0.0616000000000019 6.31728258355791
0.0618000000000018 6.19303862925132
0.0620000000000019 6.16088519912657
0.0622000000000019 6.32051855403013
0.0624000000000018 6.32690416586634
0.0626000000000019 6.35119381685737
0.0628000000000019 6.10250291527364
0.0630000000000018 6.08772314449675
0.0632000000000019 6.50255509212231
0.0634000000000019 6.46008403793853
0.0636000000000018 6.37541979885823
0.0638000000000019 6.43625977246602
0.0640000000000019 6.56479735540657
0.0642000000000018 6.61154080928617
0.0644000000000018 6.28143029899776
0.0646000000000019 6.46512517604342
0.064800000000002 6.92189305041253
0.0650000000000018 6.57645816539347
0.0652000000000019 6.12431229162189
0.0654000000000019 6.541050376693
0.0656000000000018 6.86168694206349
0.0658000000000019 6.56581560634702
0.0660000000000019 6.57558308454063
0.0662000000000018 6.59698029538885
0.0664000000000019 6.58462651607491
0.0666000000000019 6.97370183277653
0.0668000000000018 6.72150946721955
0.0670000000000019 6.35271392286115
0.0672000000000019 6.73522826845069
0.0674000000000018 6.88563399211165
0.0676000000000019 6.83109290170436
0.0678000000000019 6.86450207995114
0.0680000000000018 6.76771625968871
0.0682000000000019 6.75837731980711
0.0684000000000019 6.83180775334341
0.0686000000000018 6.95616201003801
0.0688000000000018 6.99900104532903
0.0690000000000019 6.73162058276866
0.069200000000002 6.85018896486468
0.0694000000000018 7.25549983065957
0.0696000000000019 7.07204320332695
0.0698000000000019 6.74438690140799
0.0700000000000018 6.82849767005872
0.0702000000000019 7.0878565921731
0.0704000000000019 7.06344161886673
0.0706000000000018 6.95521161350577
0.0708000000000019 6.81475102586025
0.0710000000000019 7.0238923778687
0.0712000000000018 6.98685294483771
0.0714000000000019 7.12118969826105
0.0716000000000019 7.17707663360228
0.071800000000002 6.72697592829782
0.0720000000000019 6.98664965062477
0.0722000000000019 7.15510528861847
0.072400000000002 7.1456229193936
0.0726000000000018 7.00089780380578
0.0728000000000019 6.99063509500528
0.073000000000002 7.03704151382661
0.0732000000000018 7.17204121358912
0.0734000000000019 7.23730196796964
0.0736000000000019 6.81690546250067
0.0738000000000018 7.07446456352921
0.0740000000000019 7.29828903424956
0.0742000000000019 7.51710698994814
0.0744000000000018 7.1339880379093
0.0746000000000019 6.87882070488942
0.0748000000000019 7.17182110013181
0.0750000000000018 7.51819486963591
0.0752000000000019 7.15220803143752
0.0754000000000019 7.06237786664948
0.075600000000002 7.19061671161525
0.0758000000000019 7.25182327744496
0.0760000000000019 7.04615960730902
0.076200000000002 7.17216600638941
0.0764000000000019 7.15710610370166
0.0766000000000019 7.20126379554532
0.076800000000002 7.06959892790621
0.0770000000000018 7.28550487474505
0.0772000000000019 7.53047930577683
0.077400000000002 7.34417333118849
0.0776000000000018 7.27918831873865
0.0778000000000019 7.2804094341859
0.0780000000000019 7.55794048021885
0.0782000000000018 7.41571375923097
0.0784000000000019 7.15712594889498
0.0786000000000019 7.22109163178424
0.0788000000000018 7.36300345638019
0.0790000000000019 7.56054657328975
0.0792000000000019 7.27518298279727
0.079400000000002 7.40036179283489
0.0796000000000019 7.60787651682633
0.0798000000000019 7.66349638059016
0.080000000000002 7.6340031749104
0.0802000000000019 7.56444680138568
0.0804000000000019 7.52685557610426
0.080600000000002 7.54722016244528
0.0808000000000018 7.72911145063063
0.0810000000000019 7.625528539089
0.081200000000002 7.64964704581744
0.0814000000000018 7.79723539127098
0.0816000000000019 7.56544798663107
0.0818000000000019 7.68414642344873
0.0820000000000018 7.74464244124672
0.0822000000000019 7.46583181244612
0.0824000000000019 7.56186852094436
0.0826000000000018 7.54812032647887
0.0828000000000019 7.88926515625761
0.0830000000000019 7.77517827031884
0.0832000000000018 7.64196974202291
0.0834000000000019 7.25104581891197
0.0836000000000019 7.62898174692117
0.083800000000002 7.89725726794355
0.0840000000000019 7.88770270508143
0.0842000000000019 7.46622319044528
0.084400000000002 7.66735126016415
0.0846000000000019 8.07977461721936
0.0848000000000019 7.97916031621412
0.0850000000000019 7.64550632258409
0.0852000000000018 7.74480972538324
0.0854000000000019 7.98151575593407
0.085600000000002 7.85163673924384
0.0858000000000018 7.8908134275906
0.0860000000000019 7.97989392194266
0.0862000000000019 7.88899578168801
0.086400000000002 7.91813221360877
0.0866000000000019 8.14861707676052
0.0868000000000019 7.93124763313424
0.087000000000002 7.96333753276849
0.0872000000000019 8.13421246097101
0.0874000000000019 8.13522804429375
0.087600000000002 7.87031085979594
0.0878000000000019 7.96168272410233
0.0880000000000019 8.14997449573227
0.088200000000002 8.14282261214069
0.0884000000000019 7.94496578271905
0.0886000000000019 7.99778199866174
0.088800000000002 7.79874069245179
0.0890000000000018 8.10865969208279
0.0892000000000019 8.15138878398843
0.089400000000002 8.20497850141661
0.0896000000000018 8.00838655053985
0.0898000000000019 7.92665262067616
0.0900000000000019 8.12653425471828
0.090200000000002 7.92036103755657
0.0904000000000019 8.21353769033982
0.0906000000000019 7.85192813518212
0.090800000000002 7.39993833703303
0.0910000000000019 7.55556515930751
0.0912000000000019 7.14183388821268
0.091400000000002 6.01707071227833
