# Fix print output for fix out1
-7.47826977879098e-16 -0.0232289183537398
0.00040000000000165 0.326153973587709
0.000800000000002053 0.547451318746095
0.00120000000000607 0.567104443816901
0.00160000000000722 0.585798289382722
0.00200000000000949 0.604734254999224
0.00240000000001227 0.673272142638506
0.0028000000000123 0.699704140222501
0.00320000000001606 0.769098419281151
0.00360000000001771 0.851789569903532
0.00400000000001924 0.881744000661758
0.00440000000002251 0.97197775423897
0.00480000000002204 1.02316695364568
0.00520000000002618 1.02689450627297
0.00560000000002733 0.988579741661774
0.00600000000002948 1.14201069600778
0.00640000000003188 1.12803768152112
0.0068000000000329 1.139334422895
0.00720000000003655 1.2151786195115
0.00760000000003708 1.23777236461471
0.00800000000003997 1.34435575111363
0.00840000000004137 1.40571961220736
0.00880000000004315 1.39156519725603
0.00920000000004704 1.47904893550967
0.00960000000004732 1.44137291733228
0.0100000000000508 1.51598175652007
0.0104000000000514 1.54283964365405
0.0108000000000538 1.51590805172026
0.0112000000000562 1.6158678989426
0.0116000000000572 1.62088647474506
0.0120000000000608 1.69352830369119
0.0124000000000611 1.75143417456296
0.0128000000000644 1.78938512429254
0.0132000000000673 1.78463122651093
0.0136000000000674 1.87282546454584
0.0140000000000712 1.91302588065787
0.0144000000000714 1.83700913383603
0.0148000000000737 1.9937828478271
0.0152000000000776 1.96502883913774
0.0156000000000778 2.05424368559523
0.0160000000000808 2.03920277717345
0.0164000000000818 2.10935179658636
0.016800000000084 2.24995706360124
0.0172000000000878 2.17893198287236
0.0176000000000878 2.25599312596531
0.0180000000000904 2.29942644982104
0.0184000000000915 2.25005983281075
0.0188000000000941 2.30381656201498
0.0192000000000969 2.3549783547468
0.0196000000000983 2.42301586273271
0.0200000000001009 2.42182437942498
0.0204000000001012 2.52245794319745
0.0208000000001048 2.44414478652931
0.0212000000001069 2.58086176982232
0.0216000000001085 2.63653602728617
0.0220000000001105 2.5873490600509
0.0224000000001111 2.66811430858589
0.0228000000001151 2.7462883795936
0.0232000000001165 2.66363794890374
0.0236000000001189 2.73353849645826
0.0240000000001207 2.76427415533083
0.0244000000001214 2.78037926088032
0.0248000000001253 2.8276820919863
0.0252000000001264 2.85375198535205
0.0256000000001291 2.95181550160385
0.0260000000001312 2.9907600926831
0.0264000000001317 3.02466622461478
0.0268000000001356 2.99296412179721
0.0272000000001366 2.9988644966168
0.0276000000001394 3.08565563932673
0.0280000000001408 3.16272903479564
0.0284000000001422 3.09607150860765
0.0288000000001454 3.20519714724131
0.0292000000001467 3.26606545815347
0.0296000000001496 3.24306487364261
0.0300000000001508 3.29221759305889
0.0304000000001522 3.41188106712342
0.0308000000001561 3.26971120219919
0.031200000000157 3.33214231501437
0.03160000000016 3.35970436132804
0.0320000000001608 3.3568383922137
0.032400000000163 3.43438319113337
0.0328000000001654 3.51502247156966
0.0332000000001666 3.56318006403368
0.0336000000001705 3.54092614761437
0.03400000000017 3.61375092544991
0.0344000000001736 3.6505158800237
0.034800000000176 3.61181178575761
0.0352000000001768 3.62115193829028
0.0356000000001803 3.56586876756213
0.0360000000001797 3.61250473053686
0.0364000000001836 3.64407563122142
0.0368000000001869 3.6397169857932
0.0372000000001874 3.79795321736932
0.0376000000001898 3.79277166721607
0.03800000000019 3.83493528497953
0.0384000000001939 3.80999454326565
0.0388000000001969 3.92580856960427
0.0392000000001973 3.8837355531867
0.0396000000002 3.85044400614957
0.0400000000001999 3.93341191465366
0.0404000000002041 3.86912491527507
0.0408000000002069 3.84806493505339
0.0412000000002075 3.90847939498381
0.0416000000002103 3.98958991441969
0.0420000000002107 3.98506424645683
0.0424000000002144 3.98791359733732
0.0428000000002165 4.02484534600762
0.0432000000002182 4.05762202998328
0.0436000000002199 4.09797415430682
0.0440000000002205 4.0290228672613
0.0444000000002244 4.05871534480854
0.044800000000226 4.12562739665784
0.0452000000002282 4.17187439944303
0.0456000000002299 4.1984296818514
0.0460000000002305 4.27783417542681
0.0464000000002349 4.3446466754267
0.0468000000002354 4.32732186589554
0.0472000000002382 4.35135973832985
0.0476000000002399 4.45935854614446
0.0480000000002412 4.46011985521152
0.0484000000002452 4.44564093029976
0.048800000000246 4.47542740290116
0.0492000000002484 4.5376692585796
0.04960000000025 4.50365545007752
0.0500000000002512 4.59490068927866
0.0504000000002552 4.62112863109986
0.0508000000002564 4.62707294789501
0.0512000000002584 4.71762921106267
0.0516000000002598 4.75080406918698
0.0520000000002614 4.71808963932132
0.0524000000002648 4.71761087627197
0.052800000000266 4.73055363044017
0.0532000000002691 4.691013503986
0.0536000000002697 4.68100457704957
0.0540000000002724 4.71308158341096
0.0544000000002752 4.75291804229941
0.054800000000276 4.72025679054744
0.0552000000002797 4.82016157878839
0.0556000000002793 4.77912764419121
0.0560000000002828 4.934750772815
0.0564000000002851 4.98333995192881
0.0568000000002861 5.0152436915075
0.0572000000002894 5.06128726905569
0.0576000000002891 5.09347258880731
0.0580000000002932 5.02433377121505
0.0584000000002957 5.06080650784327
0.0588000000002965 5.07125292579773
0.0592000000003002 4.99711134771762
0.0596000000002993 5.0457226564151
0.0600000000003033 5.07211603680816
0.0604000000003063 5.05898381760173
0.0608000000003063 5.15156055020407
0.0612000000003093 5.22377794389014
0.0616000000003094 5.25816063447753
0.0620000000003136 5.2733529796521
0.0624000000003159 5.35932798589933
0.0628000000003167 5.28241380901452
0.0632000000003195 5.2084766370721
0.0636000000003195 5.15392817557326
0.0640000000003235 5.21990664093144
0.0644000000003253 5.19172212831707
0.0648000000003271 5.14424810534118
0.0652000000003296 5.14193302669241
0.0656000000003299 5.30175705300886
0.0660000000003339 5.26231981357607
0.0664000000003352 5.3056561109843
0.0668000000003374 5.30625699335924
0.0672000000003392 5.28867285492512
0.0676000000003397 5.27707124547715
0.0680000000003442 5.19193059494741
0.0684000000003445 5.20488902777176
0.0688000000003475 5.20981378130129
0.0692000000003498 5.27302987659296
0.0696000000003504 5.3090153487216
0.0700000000003541 5.35641227478772
0.0704000000003551 5.42328045682283
0.0708000000003574 5.50197485432444
0.0712000000003597 5.61984155511914
0.0716000000003602 5.62675909244318
0.0720000000003642 5.59158216305722
0.072400000000365 5.60822309272511
0.0728000000003683 5.46205751230606
0.0732000000003691 5.48528764423608
0.0736000000003708 5.48943177862985
0.0740000000003741 5.53810384809019
0.0744000000003754 5.57383233357095
0.0748000000003779 5.47270203227701
0.0752000000003792 5.75516744709288
0.0756000000003812 5.74591608326722
0.076000000000385 5.76455909205156
0.0764000000003855 5.74988115880954
0.0768000000003893 5.85181055269918
0.0772000000003883 5.73537911968662
0.0776000000003918 5.73063413132259
0.0780000000003943 5.68847888038571
0.0784000000003956 5.69809364091128
0.0788000000003989 5.60222450409798
0.0792000000003987 5.52344395679112
0.0796000000004024 5.6363003991824
0.0800000000004052 5.70904640608362
0.0804000000004057 5.79244845060106
0.0808000000004093 5.81284438947694
0.0812000000004085 5.86230810730007
0.0816000000004121 5.92736897329451
0.0820000000004153 5.96966519486415
0.0824000000004158 5.97152036290884
0.0828000000004191 5.9018854824743
0.0832000000004184 5.85277242204476
0.0836000000004224 5.81010947512187
0.0840000000004257 5.72457024316333
0.0844000000004265 5.85510260719987
0.0848000000004285 5.8354991133449
0.0852000000004285 5.90833164460085
0.0856000000004323 5.95680594493074
0.0860000000004351 6.03044659354182
0.0864000000004368 6.0831112609757
0.0868000000004389 6.04112041977369
0.0872000000004389 6.14052611306276
0.0876000000004432 6.08402373709042
0.0880000000004452 6.10660135125532
0.0884000000004467 5.94924458573967
0.0888000000004482 5.66312125617126
0.0892000000004488 5.53756446164219
0.089600000000454 5.34469669813069
0.0900000000004543 5.01816901624542
0.0904000000004573 4.44332044759328
0.0908000000004583 3.82469426046572
0.0912000000004594 3.10809776016732
0.0916000000004634 2.52290292087562
0.0920000000004642 1.95485724482855
0.0924000000004667 1.43204315944212
0.0928000000004687 1.17418644571111
0.0932000000004697 1.03007594086137
0.0936000000004735 1.09529649137975
0.0940000000004743 1.27059993505194
0.0944000000004775 1.46730269955996
0.0948000000004783 1.54915434488649
0.0952000000004799 1.73057331884196
0.0956000000004836 1.72208767470009
0.0960000000004846 1.63049630301783
0.0964000000004872 1.3785317493885
0.0968000000004884 1.07094651805364
0.0972000000004902 1.00861803517809
0.097600000000494 0.918589174642185
0.0980000000004948 0.93966051573734
0.098400000000498 1.01015982520541
0.0988000000004981 1.27427564132921
0.0992000000005008 1.41944598722672
0.0996000000005036 1.50852360726281
0.100000000000505 1.62791658776231
0.100400000000508 1.48195298249681
0.100800000000508 1.36139811359755
0.101200000000512 1.28437154817434
0.101600000000514 1.08264764728651
0.102000000000514 0.936012482099037
0.102400000000519 1.02232701338176
0.102800000000518 0.949617666266473
0.103200000000521 1.114679283457
0.103600000000525 1.3064269555869
0.104000000000525 1.50134501084651
0.104400000000528 1.63394060534153
0.104800000000528 1.81594628865953
0.105200000000532 1.69423285245124
0.105600000000535 1.58736106503485
0.106000000000535 1.43519936412414
0.106400000000537 1.25774494579153
0.106800000000538 1.19943471214936
0.107200000000542 1.27489683039418
0.107600000000545 1.21299493402328
0.108000000000545 1.3868898640234
0.108400000000548 1.62817589821185
0.108800000000549 1.83357969839269
0.109200000000553 1.90275908203128
0.109600000000554 2.01566381144276
0.110000000000556 2.01888119747389
0.110400000000558 1.90655629842312
0.110800000000559 1.81349497691022
0.111200000000563 1.55911068060949
0.111600000000564 1.44837833339878
0.112000000000566 1.41419008527371
0.112400000000568 1.28434775047439
0.112800000000569 1.39639575160354
0.113200000000573 1.55126760001523
0.113600000000573 1.76315979162928
0.114000000000576 2.00376122350946
0.114400000000578 1.99367637069605
0.114800000000579 2.04499682665882
0.115200000000583 2.08726218443774
0.115600000000584 2.04409681360507
0.116000000000586 1.91483664660477
0.116400000000588 1.81950693544966
0.116800000000589 1.67201133266187
0.117200000000593 1.47129554698017
0.117600000000594 1.51582840494414
0.118000000000596 1.4625674980908
0.118400000000597 1.46589946411329
0.118800000000599 1.6499658494016
0.119200000000603 1.69559036974262
0.119600000000604 1.69009827026312
0.120000000000607 1.85188504152622
0.120400000000608 1.83323649790995
0.12080000000061 1.67361674824041
0.121200000000613 1.60571541818983
0.121600000000614 1.60865134863407
0.122000000000618 1.50313433182369
0.122400000000617 1.46464315151082
0.122800000000621 1.46446496838112
0.123200000000623 1.45770968625889
0.123600000000624 1.46735619888905
0.124000000000628 1.58573611689288
0.124400000000627 1.64690347296047
0.124800000000631 1.71300452103901
0.125200000000634 1.70422192288306
0.125600000000634 1.65563234299406
0.126000000000638 1.74930603370087
0.126400000000637 1.72269759955302
0.126800000000641 1.54544265967417
0.127200000000644 1.59921989050635
0.127600000000644 1.57903892870309
0.128000000000647 1.41690075826537
0.128400000000647 1.57238483031637
0.128800000000652 1.5926568112262
0.129200000000654 1.51402880918467
0.129600000000655 1.50216955477355
0.130000000000657 1.44049618496438
0.130400000000657 1.40241754272994
0.130800000000661 1.32124508081009
0.131200000000663 1.32706768630156
0.131600000000665 1.26438250293871
0.132000000000667 1.19096485059036
0.132400000000668 1.12495968586673
0.132800000000672 0.940171018085376
0.133200000000673 0.98672063063206
0.133600000000676 0.938911065476526
0.134000000000677 0.862018409713306
0.134400000000678 0.861295217026151
0.134800000000682 0.818823601477141
0.135200000000683 0.868634147088849
0.135600000000686 0.978951959516737
0.136000000000687 0.92385385967272
0.136400000000688 0.964052977526192
0.136800000000691 1.03432606922676
0.137200000000695 1.01227673554792
0.137600000000695 0.93559581447152
0.138000000000697 0.87624031679447
0.138400000000698 0.769574913143514
0.138800000000702 0.725428751856253
0.139200000000705 0.598067577378135
0.139600000000706 0.793205726445184
0.140000000000706 0.895719432934082
0.140400000000709 0.959891963379342
0.140800000000711 1.00567247338652
0.141200000000715 1.09505882074373
0.141600000000717 1.08504455350255
0.142000000000717 1.16284707913949
0.142400000000719 1.02666802137022
0.142800000000722 0.904872488481511
0.143200000000724 0.935407204454172
0.143600000000727 0.85746679637414
0.144000000000727 0.838277638792073
0.144400000000729 0.837737434241501
0.144800000000732 0.933651335021332
0.145200000000734 0.969455281554689
0.145600000000737 1.13028950431599
0.146000000000737 1.16411912535786
0.146400000000739 1.2710322662701
0.146800000000742 1.22457979548683
0.147200000000744 1.2489416412078
0.147600000000747 1.08438132626757
0.148000000000747 1.02378112770909
0.148400000000749 0.909823914719898
0.148800000000752 0.944304945829074
0.149200000000755 0.941056301425589
0.149600000000757 1.02117016410887
0.150000000000757 1.04575353144901
0.15040000000076 1.26857326045115
0.150800000000763 1.35427054803476
0.151200000000765 1.45764068021339
0.151600000000766 1.49865492178602
0.152000000000767 1.50077381790538
0.15240000000077 1.5108443301717
0.152800000000773 1.26052552915778
0.153200000000775 1.14641649824834
0.153600000000776 0.930698039518952
0.154000000000777 0.892278546334476
0.154400000000781 0.785967548547794
0.154800000000783 0.733434196938752
0.155200000000785 0.713435971393954
0.155600000000786 0.79123658205235
0.156000000000787 0.966831677517229
0.156400000000791 1.0647838166972
0.156800000000793 0.992227269730859
0.157200000000794 1.13763423503645
0.157600000000796 1.16093842739266
0.158000000000798 1.03258690954131
0.158400000000801 1.04338069945748
0.158800000000804 0.963301464050746
0.159200000000804 0.970888399932424
0.159600000000806 0.820706480035338
0.160000000000808 0.747878841381742
0.160400000000811 0.756180229673758
0.160800000000814 0.775370584917018
0.161200000000815 0.831242533971404
0.161600000000816 0.812672537481929
0.162000000000818 0.782949179722214
0.162400000000821 0.814858948116671
0.162800000000824 0.819056517906541
0.163200000000826 0.773949182365347
0.163600000000826 0.673396144759849
0.164000000000828 0.72598107566505
0.164400000000831 0.6896053465679
0.164800000000834 0.614111411092645
0.165200000000836 0.497524555654796
0.165600000000836 0.462201748315474
0.166000000000838 0.454719891816588
0.166400000000841 0.348147877565779
0.166800000000844 0.418898394646484
0.167200000000847 0.495736738889671
0.167600000000845 0.394075037977608
0.168000000000848 0.42244574907785
0.168400000000851 0.542829759132045
0.168800000000854 0.58762702686064
0.169200000000857 0.574956232294169
0.169600000000856 0.601063991910651
0.170000000000859 0.622361604335406
0.170400000000861 0.635630837751701
0.170800000000864 0.643546635289849
0.171200000000866 0.536048779888017
0.171600000000867 0.561941125889408
0.172000000000869 0.536664593804889
0.172400000000872 0.49935755325794
0.172800000000874 0.522108629405242
0.173200000000875 0.665735059645012
0.173600000000876 0.573588658942229
0.174000000000879 0.715520263171092
0.174400000000883 0.702238773718191
0.174800000000884 0.753141683551474
0.175200000000885 0.78310524797164
0.175600000000887 0.770581134261099
0.17600000000089 0.650609115428315
0.176400000000893 0.556726568167314
0.176800000000895 0.524619137709004
0.177200000000895 0.545504491036573
0.177600000000897 0.637654364445714
0.1780000000009 0.567990285474613
0.178400000000903 0.602990348923271
0.178800000000905 0.688007349640847
0.179200000000905 0.766655630995958
0.179600000000907 0.857187407518687
0.180000000000911 0.735093027235382
0.180400000000913 0.78657356248113
0.180800000000914 0.757920621546172
0.181200000000915 0.639091258846707
0.181600000000917 0.639741758507803
0.18200000000092 0.551315557519058
0.182400000000923 0.441374862575421
0.182800000000924 0.589010782537456
0.183200000000925 0.653554478790997
0.183600000000927 0.665471786139826
0.184000000000931 0.761501517665054
0.184400000000933 0.888481658639927
0.184800000000935 0.872603733805663
0.185200000000935 0.937664702717313
0.185600000000937 0.838603146769504
0.18600000000094 0.797065591893908
0.186400000000943 0.71753807390282
0.186800000000945 0.628938793616122
0.187200000000945 0.539251651518073
0.187600000000948 0.554013106809332
0.18800000000095 0.487456030104349
0.188400000000953 0.681187649079144
0.188800000000956 0.688790786454091
0.189200000000955 0.673235587657534
0.189600000000958 0.709493235671496
0.190000000000961 0.74555430561685
0.190400000000962 0.815971926305915
0.190800000000966 0.755912841562004
0.191200000000965 0.559838420253047
0.191600000000968 0.383889062865081
0.192000000000971 0.388364742201008
0.192400000000973 0.286179214183194
0.192800000000976 0.231034949128812
0.193200000000975 0.320792559106393
0.193600000000978 0.411614321372828
0.194000000000981 0.465909488418821
0.194400000000984 0.559806807092578
0.194800000000985 0.630467027567569
0.195200000000985 0.681076303865924
0.195600000000989 0.591731429959899
0.196000000000992 0.5186303848984
0.196400000000994 0.449533407576078
0.196800000000995 0.265024891922607
0.197200000000996 0.192185346305474
0.197600000000999 0.138817102764048
0.198000000001002 0.156267212710007
0.198400000001004 0.232152159893165
0.198800000001005 0.207043572005286
0.199200000001006 0.417856096124955
0.199600000001009 0.521529569275249
0.200000000001012 0.567435673956156
0.200400000001014 0.570968219178744
0.200800000001015 0.571434278939069
0.201200000001015 0.493498342563679
0.20160000000102 0.395753610291027
0.202000000001022 0.312344314173106
0.202400000001024 0.2453320137186
0.202800000001025 0.173869382296874
0.203200000001026 0.212859049961357
0.203600000001029 0.279526592712678
0.204000000001032 0.397842335572732
0.204400000001033 0.440553512122113
0.204800000001035 0.546853735414489
0.205200000001037 0.580782302334594
0.205600000001039 0.635495184874113
0.206000000001042 0.608099928534541
0.206400000001044 0.520185343882781
0.206800000001044 0.403639874544139
0.207200000001047 0.318281568243302
0.207600000001049 0.310141514541564
0.208000000001052 0.246171126560788
0.208400000001055 0.355143220263382
0.208800000001054 0.368512709306438
0.209200000001057 0.485874728203938
0.20960000000106 0.445576436087148
0.210000000001062 0.617417193458298
0.210400000001065 0.782039051810991
0.210800000001064 0.706475787080151
0.211200000001068 0.474151850932861
0.21160000000107 0.509049260026889
0.212000000001072 0.480579217958047
0.212400000001075 0.343653291796451
0.212800000001074 0.323206640399863
0.213200000001078 0.306505690280658
0.213600000001081 0.321559550610553
0.214000000001082 0.373391019825083
0.214400000001086 0.441104708706266
0.214800000001084 0.546471806903168
0.215200000001087 0.66400832751973
0.215600000001091 0.621242603101568
0.216000000001093 0.597177522917069
0.216400000001095 0.596308609436843
0.216800000001094 0.467958858713452
0.217200000001098 0.383438845391153
0.217600000001102 0.317029657228908
0.218000000001103 0.236728575536985
0.218400000001104 0.149903176982793
0.218800000001105 0.253359142692863
0.219200000001108 0.334447077635753
0.219600000001111 0.396614211362412
0.220000000001113 0.49561728889991
0.220400000001115 0.582086418913875
0.220800000001114 0.628152707561964
0.221200000001119 0.575098634898644
0.221600000001121 0.508643502202973
0.222000000001124 0.461848675225868
0.222400000001124 0.214034651992766
0.222800000001124 0.16509399073332
0.223200000001129 0.184690640120241
0.223600000001131 0.122484592310462
0.224000000001134 0.0813087381059424
