# Fix print output for fix out1
-1.40122641425697e-16 -0.0618575198913061
9.99999999997565e-05 -0.0439672046221096
0.000199999999999793 -0.0348888904965943
0.00029999999999983 -0.0442379162840069
0.000399999999999727 -0.0231076515013429
0.000499999999999763 -0.0109691126753103
0.0005999999999998 0.0217033402164842
0.000699999999999837 0.0210438659935969
0.000799999999999734 0.0590589570572268
0.00089999999999977 0.0301041295632208
0.000999999999999807 0.0314692640894562
0.00109999999999984 0.0045902616695975
0.00119999999999974 -0.0149797506029486
0.00129999999999978 0.00631710499113342
0.00139999999999981 0.00411114310362286
0.00149999999999985 0.0470448144948428
0.00159999999999975 0.0699163212856517
0.00169999999999978 0.109869944254902
0.00179999999999982 0.0985640818894994
0.00189999999999986 0.119601626202342
0.00199999999999975 0.100033555376844
0.00209999999999979 0.0648113792513696
0.00219999999999983 0.0727754153515439
0.00229999999999972 0.0466674575312109
0.00239999999999976 0.0805546715291759
0.0024999999999998 0.116327042984247
0.00259999999999983 0.168896506939231
0.00269999999999973 0.185623761686541
0.00279999999999977 0.187014840510609
0.0028999999999998 0.193464463605815
0.00299999999999984 0.185133866763441
0.00309999999999974 0.161625186476367
0.00319999999999978 0.153745466194736
0.00329999999999981 0.157086294702846
0.00339999999999985 0.177607234192983
0.00349999999999975 0.230013615262541
0.00359999999999978 0.241985803752561
0.00369999999999982 0.255302978260798
0.00379999999999986 0.305242304338251
0.00389999999999975 0.302841171019179
0.00399999999999979 0.27789208054636
0.00409999999999983 0.21774376921121
0.00419999999999972 0.199815728487587
0.00429999999999976 0.196172488810754
0.0043999999999998 0.237627725535123
0.00449999999999983 0.259204644803918
0.00459999999999973 0.302641668420311
0.00469999999999977 0.358400858106893
0.0047999999999998 0.35919521838674
0.00489999999999984 0.365873487993935
0.00499999999999974 0.312582798291205
0.00509999999999977 0.311768284492094
0.00519999999999981 0.281858124718034
0.00529999999999985 0.304363290801377
0.00539999999999974 0.347996313041548
0.00549999999999978 0.422670373701356
0.00559999999999982 0.502914339816095
0.00569999999999985 0.520838569615971
0.00579999999999975 0.471924551722239
0.00589999999999979 0.392433738374307
0.00599999999999982 0.358789703993786
0.00609999999999972 0.3445899049782
0.00619999999999976 0.342272094943019
0.00629999999999979 0.395277071037704
0.00639999999999983 0.456890816327425
0.00649999999999973 0.481125835892575
0.00659999999999976 0.513896998927029
0.0066999999999998 0.528231868542429
0.00679999999999984 0.514226594112852
0.00689999999999973 0.459016185520325
0.00699999999999977 0.420987145433662
0.00709999999999981 0.411524428889884
0.00719999999999984 0.440797650569165
0.00729999999999974 0.539838163489201
0.00739999999999978 0.566825429460861
0.00749999999999981 0.577701142143891
0.00759999999999985 0.597596713730254
0.00769999999999975 0.541955219622618
0.00779999999999978 0.559843567403122
0.00789999999999982 0.534746087768321
0.00799999999999972 0.539853420440286
0.00809999999999975 0.548037861893556
0.00819999999999979 0.561371580220856
0.00829999999999983 0.607135921358208
0.00839999999999972 0.623063428130522
0.00849999999999976 0.622986249711666
0.0085999999999998 0.619556237723021
0.00869999999999983 0.612093544184536
0.00879999999999973 0.58430139453251
0.00889999999999977 0.592710517654621
0.00899999999999981 0.627637442876655
0.00909999999999984 0.613396362030542
0.00919999999999974 0.664033594398248
0.00929999999999978 0.686603625795215
0.00939999999999981 0.751757210697806
0.00949999999999985 0.741313719619604
0.00959999999999975 0.742627698992983
0.00969999999999978 0.717608886875699
0.00979999999999982 0.669618915999039
0.00989999999999986 0.650163490063087
0.00999999999999975 0.665194782523902
0.0100999999999998 0.689722398359286
0.0101999999999998 0.699920951192544
0.0102999999999997 0.74700907298909
0.0103999999999998 0.808349992468947
0.0104999999999998 0.832730424832477
0.0105999999999998 0.834449223147348
0.0106999999999997 0.839848631834096
0.0107999999999998 0.794550142901624
0.0108999999999998 0.735588409790556
0.0109999999999998 0.706428872612983
0.0110999999999997 0.735703974642043
0.0111999999999998 0.745724352618328
0.0112999999999998 0.787747205288647
0.0113999999999998 0.867354719465736
0.0114999999999997 0.8988088880099
0.0115999999999998 0.898376612534422
0.0116999999999998 0.91219479445464
0.0117999999999997 0.886628115451709
0.0118999999999997 0.854814501535792
0.0119999999999998 0.840753648088294
0.0120999999999998 0.85866177280692
0.0121999999999997 0.861921013243383
0.0122999999999998 0.898072738672789
0.0123999999999998 0.932374963776066
0.0124999999999998 0.99500658553688
0.0125999999999997 1.00488203127175
0.0126999999999998 0.990856478524198
0.0127999999999998 0.988463168199605
0.0128999999999998 0.929246039852399
0.0129999999999997 0.911525542663717
0.0130999999999998 0.93436131541608
0.0131999999999998 0.95317050611731
0.0132999999999998 0.998314799387666
0.0133999999999997 1.03434126723086
0.0134999999999998 1.03518432334564
0.0135999999999998 1.05450269551866
0.0136999999999999 1.0483865034574
0.0137999999999997 1.05180555971724
0.0138999999999998 1.0152043677839
0.0139999999999998 0.993676231856896
0.0140999999999999 1.01677840110239
0.0141999999999998 1.02636846895022
0.0142999999999998 1.06014492429349
0.0143999999999998 1.08768589518042
0.0144999999999997 1.11868502234875
0.0145999999999998 1.13821806868063
0.0146999999999998 1.12125298618731
0.0147999999999998 1.13561498625161
0.0148999999999997 1.11987773475823
0.0149999999999998 1.12000252293893
0.0150999999999998 1.11287118031908
0.0151999999999998 1.10067666439891
0.0152999999999997 1.10533733288941
0.0153999999999998 1.1598828226939
0.0154999999999998 1.18598676336007
0.0155999999999998 1.20753910006007
0.0156999999999997 1.252315496961
0.0157999999999998 1.21516264737484
0.0158999999999998 1.22339364278148
0.0159999999999999 1.19174592808914
0.0160999999999998 1.17931702144783
0.0161999999999998 1.1677349732458
0.0162999999999998 1.20389737035877
0.0163999999999997 1.25551043489648
0.0164999999999998 1.33900755530863
0.0165999999999998 1.36183550185488
0.0166999999999998 1.37149197069577
0.0167999999999997 1.31175715161644
0.0168999999999998 1.25708548686534
0.0169999999999998 1.24596273380932
0.0170999999999998 1.25653539208478
0.0171999999999997 1.29823949388532
0.0172999999999998 1.30563969284617
0.0173999999999998 1.35674056977197
0.0174999999999998 1.38166092362614
0.0175999999999997 1.38608126656863
0.0176999999999998 1.37018593271205
0.0177999999999998 1.34981370566952
0.0178999999999999 1.32560822027157
0.0179999999999997 1.32269123172654
0.0180999999999998 1.34704747688707
0.0181999999999998 1.3784050738452
0.0182999999999997 1.41884161152338
0.0183999999999998 1.48983066976165
0.0184999999999998 1.52978074060315
0.0185999999999998 1.50037758405537
0.0186999999999997 1.45152504404499
0.0187999999999998 1.39627308385431
0.0188999999999998 1.40391142733839
0.0189999999999998 1.39905672148583
0.0190999999999997 1.39765732604831
0.0191999999999998 1.45099473117355
0.0192999999999998 1.52565570386339
0.0193999999999998 1.53114051102837
0.0194999999999997 1.53012866251656
0.0195999999999998 1.55047031944505
0.0196999999999998 1.50664994340443
0.0197999999999999 1.49267591900187
0.0198999999999997 1.48442889303312
0.0199999999999998 1.45940644925644
0.0200999999999998 1.48194581334597
0.0201999999999997 1.54948510438717
0.0202999999999998 1.60502732862966
0.0203999999999998 1.63020182056899
0.0204999999999998 1.6278568173188
0.0205999999999997 1.63894707850125
0.0206999999999998 1.58346663475063
0.0207999999999998 1.56188055442498
0.0208999999999998 1.55252273148355
0.0209999999999997 1.60155513706908
0.0210999999999998 1.60308245709076
0.0211999999999998 1.64072900540162
0.0212999999999998 1.7032128161288
0.0213999999999997 1.70401927955739
0.0214999999999998 1.68539012329667
0.0215999999999998 1.67477480902084
0.0216999999999998 1.69005948735898
0.0217999999999997 1.67459822287946
0.0218999999999998 1.65860986776307
0.0219999999999998 1.69637202337684
0.0220999999999997 1.68829990336432
0.0221999999999998 1.70406162287269
0.0222999999999998 1.75696483185494
0.0223999999999998 1.75548230506543
0.0224999999999997 1.76322341280764
0.0225999999999998 1.76040314459214
0.0226999999999998 1.72560523246166
0.0227999999999998 1.7308274394565
0.0228999999999997 1.74368927432082
0.0229999999999998 1.77925668843585
0.0230999999999998 1.83174540216678
0.0231999999999998 1.8695593708071
0.0232999999999997 1.88209641104257
0.0233999999999998 1.85016693430703
0.0234999999999998 1.80153284653424
0.0235999999999998 1.80469949295453
0.0236999999999997 1.8067353431093
0.0237999999999998 1.80868043467027
0.0238999999999998 1.86455938561551
0.0239999999999997 1.89432567868498
0.0240999999999998 1.94831153506419
0.0241999999999998 1.97944426757813
0.0242999999999998 1.96620228498994
0.0243999999999997 1.87124455004967
0.0244999999999998 1.83415526271151
0.0245999999999998 1.79995883477832
0.0246999999999998 1.85277498668096
0.0247999999999997 1.88198991171598
0.0248999999999998 1.96346091598853
0.0249999999999998 2.02240316145609
0.0250999999999998 2.02664376995688
0.0251999999999997 2.01297325243121
0.0252999999999998 1.98646984062792
0.0253999999999998 1.97679578415845
0.0254999999999998 1.9443063550424
0.0255999999999997 1.94974992511
0.0256999999999998 2.00162060183694
0.0257999999999998 2.05466391806085
0.0258999999999997 2.12894506780602
0.0259999999999997 2.12108486654869
0.0260999999999998 2.09015737205895
0.0261999999999998 2.0421756880655
0.0262999999999999 2.05119580278113
0.0263999999999998 2.03490989540991
0.0264999999999998 2.04494884775622
0.0265999999999998 2.08018801692693
0.0266999999999997 2.09772736704245
0.0267999999999998 2.11614841740396
0.0268999999999998 2.16350532938715
0.0269999999999998 2.16957708190924
0.0270999999999997 2.15212101041079
0.0271999999999998 2.14830710473224
0.0272999999999998 2.12396775117582
0.0273999999999998 2.11980499417411
0.0274999999999997 2.10141847269117
0.0275999999999998 2.16223350873047
0.0276999999999998 2.23022231815421
0.0277999999999997 2.2431989069628
0.0278999999999997 2.22992425781127
0.0279999999999998 2.21791880675241
0.0280999999999998 2.20204808971301
0.0281999999999999 2.19028274874893
0.0282999999999998 2.20767290960622
0.0283999999999998 2.20803864865375
0.0284999999999998 2.22552853557589
0.0285999999999997 2.27133715971456
0.0286999999999998 2.31645740272665
0.0287999999999998 2.32638354431445
0.0288999999999998 2.30469920620331
0.0289999999999997 2.23912697192902
0.0290999999999998 2.21956288418447
0.0291999999999998 2.253952316748
0.0292999999999998 2.28748171393176
0.0293999999999997 2.33146540174894
0.0294999999999998 2.40910494309643
0.0295999999999998 2.43358191323969
0.0296999999999997 2.41767178228572
0.0297999999999997 2.38668982410711
0.0298999999999998 2.36243800324672
0.0299999999999998 2.29991267754866
0.0300999999999999 2.33866019991322
0.0301999999999998 2.33995293907554
0.0302999999999998 2.42468509087568
0.0303999999999998 2.48215881622526
0.0304999999999997 2.4866911499871
0.0305999999999998 2.50661844558954
0.0306999999999998 2.47317345511511
0.0307999999999998 2.4373071880658
0.0308999999999997 2.38745315979258
0.0309999999999998 2.40929483100696
0.0310999999999998 2.43105371780435
0.0311999999999998 2.47646645675262
0.0312999999999997 2.5134416589278
0.0313999999999998 2.54682664000647
0.0314999999999998 2.55117829184832
0.0315999999999998 2.53299256103343
0.0316999999999997 2.51049654627822
0.0317999999999998 2.47219725261543
0.0318999999999998 2.50915111647581
0.0319999999999998 2.47662523855105
0.0320999999999997 2.55310281124588
0.0321999999999998 2.62685085990035
0.0322999999999998 2.71295388088415
0.0323999999999997 2.6733767089904
0.0324999999999998 2.62984453920825
0.0325999999999998 2.56766432542767
0.0326999999999998 2.56353169181477
0.0327999999999997 2.56081845952009
0.0328999999999998 2.63715016224311
0.0329999999999998 2.64799316194597
0.0330999999999998 2.68668301368178
0.0331999999999997 2.69573001461464
0.0332999999999998 2.71832655569288
0.0333999999999998 2.6947842665643
0.0334999999999997 2.66267510972036
0.0335999999999997 2.62195341253675
0.0336999999999998 2.66580988962895
0.0337999999999998 2.69606442019076
0.0338999999999998 2.74613735686233
0.0339999999999997 2.81617669512399
0.0340999999999998 2.81139449919744
0.0341999999999998 2.79724675747716
0.0342999999999997 2.74990414837718
0.0343999999999998 2.729450933794
0.0344999999999998 2.72979251761751
0.0345999999999998 2.74468053594505
0.0346999999999997 2.78450768025423
0.0347999999999998 2.81387516392829
0.0348999999999998 2.83990270252695
0.0349999999999998 2.85916909056837
0.0350999999999997 2.84158911376476
0.0351999999999998 2.84133904962396
0.0352999999999998 2.81885980080062
0.0353999999999998 2.83383382718473
0.0354999999999997 2.8612343250338
0.0355999999999998 2.85465397763906
0.0356999999999998 2.87442973056087
0.0357999999999998 2.90018983138333
0.0358999999999997 2.90636117475088
0.0359999999999998 2.90571858926823
0.0360999999999998 2.93209951410494
0.0361999999999997 2.93292811000801
0.0362999999999997 2.97171559033455
0.0363999999999998 2.89688049580376
0.0364999999999998 2.87782255771226
0.0365999999999997 2.8596155946911
0.0366999999999998 2.90573685615692
0.0367999999999998 2.99814137636489
0.0368999999999998 3.06438693670632
0.0369999999999997 3.06657527690702
0.0370999999999998 3.06578945312294
0.0371999999999998 3.01710867285146
0.0372999999999998 3.01779714960889
0.0373999999999997 2.96904977681886
0.0374999999999998 3.00548683263405
0.0375999999999998 3.01873786642809
0.0376999999999998 3.09893068005822
0.0377999999999997 3.12948642394955
0.0378999999999998 3.14200831861594
0.0379999999999998 3.08299097959111
0.0380999999999997 3.04264791994632
0.0381999999999997 3.04219421217676
0.0382999999999998 2.99774434888746
0.0383999999999998 3.09299755512294
0.0384999999999999 3.12677455618239
0.0385999999999998 3.13806416037019
0.0386999999999998 3.17222807517664
0.0387999999999998 3.09627519644777
0.0388999999999997 3.11000346726623
0.0389999999999998 3.13065691006621
0.0390999999999998 3.14208173545944
0.0391999999999998 3.16658905905015
0.0392999999999997 3.19422872421165
0.0393999999999998 3.21312507564859
0.0394999999999998 3.23561493140087
0.0395999999999998 3.23015907450878
0.0396999999999997 3.21332549878012
0.0397999999999998 3.2179592347562
0.0398999999999998 3.19919620062822
0.0399999999999997 3.22315311237996
0.0400999999999997 3.26004881619572
0.0401999999999998 3.24590685317264
0.0402999999999998 3.2758877260457
0.0403999999999997 3.31567805977336
0.0404999999999998 3.33653387815267
0.0405999999999998 3.36030159487769
0.0406999999999998 3.31347115038611
0.0407999999999997 3.2717508751665
0.0408999999999998 3.25663220866807
0.0409999999999998 3.29261597664807
0.0410999999999998 3.3313393919104
0.0411999999999997 3.35805315515293
0.0412999999999998 3.40354475022496
0.0413999999999998 3.35789723971436
0.0414999999999998 3.35348906358117
0.0415999999999997 3.34244918698964
0.0416999999999998 3.36649863960476
0.0417999999999998 3.38744043039372
0.0418999999999997 3.44095996469496
0.0419999999999997 3.42207840868361
0.0420999999999998 3.4176187861846
0.0421999999999998 3.40842243634693
0.0422999999999999 3.43834330888087
0.0423999999999998 3.42761913562355
0.0424999999999998 3.46311710151163
0.0425999999999998 3.4756365268529
0.0426999999999997 3.49574614049839
0.0427999999999998 3.49162685839139
0.0428999999999998 3.51901776128662
0.0429999999999998 3.51453858284549
0.0430999999999997 3.47493317256784
0.0431999999999998 3.43484085920114
0.0432999999999998 3.48908306770087
0.0433999999999998 3.49894666305893
0.0434999999999997 3.55143527161317
0.0435999999999998 3.61365237011877
0.0436999999999998 3.63405906848056
0.0437999999999997 3.63147087090129
0.0438999999999997 3.58177511171328
0.0439999999999998 3.5238037042888
0.0440999999999998 3.52907573552935
0.0441999999999999 3.53916957396042
0.0442999999999997 3.58781035540126
0.0443999999999998 3.62486566844678
0.0444999999999998 3.67131227503312
0.0445999999999997 3.6459850216778
0.0446999999999998 3.63431612466683
0.0447999999999998 3.65154105906869
0.0448999999999998 3.65204118775598
0.0449999999999997 3.64006439166805
0.0450999999999998 3.63689003403541
0.0451999999999998 3.65753316469706
0.0452999999999998 3.73022375307001
0.0453999999999997 3.73925150542348
0.0454999999999998 3.73534541846522
0.0455999999999998 3.72671369920294
0.0456999999999997 3.73358715779774
0.0457999999999997 3.70178127421475
0.0458999999999998 3.69067367409715
0.0459999999999998 3.70887111508047
0.0460999999999998 3.75462389024517
0.0461999999999997 3.80200052167177
0.0462999999999998 3.84999322161228
0.0463999999999998 3.83982431271517
0.0464999999999997 3.77131815075797
0.0465999999999998 3.74195842695995
0.0466999999999998 3.71257237127643
0.0467999999999998 3.75632941137062
0.0468999999999997 3.81148265637134
0.0469999999999998 3.89379115378791
0.0470999999999998 3.8869728247134
0.0471999999999998 3.87371225964295
0.0472999999999997 3.85494268272586
0.0473999999999998 3.82031534214476
0.0474999999999998 3.80557453472263
0.0475999999999997 3.79327132545778
0.0476999999999997 3.89965414337187
0.0477999999999998 3.95692497687431
0.0478999999999998 4.0129632160213
0.0479999999999998 3.9892529808697
0.0480999999999997 3.94392113117637
0.0481999999999998 3.87186547737782
0.0482999999999998 3.85903711908246
0.0483999999999997 3.90067145477834
0.0484999999999998 3.94758773493429
0.0485999999999998 4.01862352018611
0.0486999999999998 4.03437788927361
0.0487999999999997 4.0250209743698
0.0488999999999998 3.96984769720991
0.0489999999999998 3.91680898466173
0.0490999999999998 3.89512635119308
0.0491999999999997 3.94497255320025
0.0492999999999998 4.03145967490815
0.0493999999999998 4.07073153870337
0.0494999999999998 4.12081800560363
0.0495999999999997 4.09260938743073
0.0496999999999998 4.03374417750257
0.0497999999999998 4.03432943368016
0.0498999999999998 4.02420737124238
0.0499999999999997 4.04296674714834
0.0500999999999998 4.058201799356
0.0501999999999998 4.16124692428075
0.0502999999999997 4.19217740476452
0.0503999999999998 4.15818406330895
0.0504999999999998 4.11571534203317
0.0505999999999998 4.08594548729428
0.0506999999999999 4.0236037986796
0.0507999999999998 4.09423918585361
0.0508999999999998 4.13594009677333
0.0509999999999998 4.15651687734447
0.0510999999999997 4.24706339076636
0.0511999999999998 4.24936740548024
0.0512999999999998 4.2146506767169
0.0513999999999997 4.18071458715331
0.0514999999999997 4.15809986915474
0.0515999999999998 4.14205161564102
0.0516999999999998 4.19248292408571
0.0517999999999998 4.27408646544582
0.0518999999999997 4.26064703257508
0.0519999999999998 4.2578264242016
0.0520999999999998 4.2375722213377
0.0521999999999997 4.18733066706011
0.0522999999999997 4.21901554324735
0.0523999999999998 4.2640883965033
0.0524999999999998 4.27390575052215
0.0525999999999999 4.28367400261204
0.0526999999999998 4.30696767958747
0.0527999999999998 4.32926073775994
0.0528999999999998 4.32280329752481
0.0529999999999997 4.29996628025948
0.0530999999999998 4.32809239571574
0.0531999999999998 4.31006986926625
0.0532999999999998 4.31614617765891
0.0533999999999997 4.35362381916035
0.0534999999999998 4.37403723646954
0.0535999999999998 4.38823214762359
0.0536999999999998 4.41487698127645
0.0537999999999997 4.44583432027107
0.0538999999999998 4.42377059747903
0.0539999999999998 4.41383230547287
0.0540999999999997 4.39651466140918
0.0541999999999997 4.40721863602387
0.0542999999999998 4.38533585525123
0.0543999999999998 4.43808750725636
0.0544999999999999 4.47261952005268
0.0545999999999998 4.48324535228575
0.0546999999999998 4.49643759207585
0.0547999999999998 4.49548553003461
0.0548999999999997 4.46410418679368
0.0549999999999998 4.39905664863707
0.0550999999999998 4.40792265234112
0.0551999999999997 4.50054348271563
0.0552999999999997 4.6057620726436
0.0553999999999998 4.59230942365051
0.0554999999999998 4.56343218378066
0.0555999999999998 4.5235433092438
0.0556999999999997 4.50105849100853
0.0557999999999998 4.50234690246828
0.0558999999999998 4.50707323563282
0.0559999999999997 4.57643693382398
0.0560999999999997 4.60175075342021
0.0561999999999998 4.6097544226416
0.0562999999999998 4.59981447058528
0.0563999999999999 4.61950313904232
0.0564999999999997 4.62011264050075
0.0565999999999998 4.59300096889141
0.0566999999999998 4.60504902742326
0.0567999999999997 4.60938594001597
0.0568999999999998 4.67913473964356
0.0569999999999998 4.65092585571254
0.0570999999999998 4.6452040889092
0.0571999999999997 4.66976365401012
0.0572999999999998 4.68369058093212
0.0573999999999998 4.72389305207339
0.0574999999999998 4.68041519048179
0.0575999999999997 4.69639234050151
0.0576999999999998 4.67891084849605
0.0577999999999998 4.63414763136428
0.0578999999999997 4.67315660049263
0.0579999999999997 4.75392527180672
0.0580999999999998 4.81645421355603
0.0581999999999998 4.81892750624501
0.0582999999999999 4.79061492663163
0.0583999999999997 4.73981805298847
0.0584999999999998 4.71583945551029
0.0585999999999998 4.73778236437414
0.0586999999999997 4.79542483569349
0.0587999999999998 4.78465102099539
0.0588999999999998 4.80976889245528
0.0589999999999997 4.84802985856299
0.0590999999999997 4.85146881401126
0.0591999999999998 4.8387310894157
0.0592999999999998 4.8535689725665
0.0593999999999998 4.85988784410845
0.0594999999999997 4.83363153773473
0.0595999999999998 4.81349417307522
0.0596999999999998 4.86602155525083
0.0597999999999997 4.88677233474035
0.0598999999999997 4.93540621111499
0.0599999999999998 4.91123909825098
0.0600999999999998 4.90826727955326
0.0601999999999998 4.8733997328697
0.0602999999999997 4.88207098953557
0.0603999999999998 4.93747413395028
0.0604999999999998 4.93718406622548
0.0605999999999997 4.9288976768282
0.0606999999999997 4.92894568270241
0.0607999999999998 4.97839526973073
0.0608999999999998 4.9512821727555
0.0609999999999997 4.98935177560483
0.0610999999999998 4.98687558636002
0.0611999999999998 4.99208799319051
0.0612999999999998 4.98169244786114
0.0613999999999997 4.97808231088755
0.0614999999999998 4.99070307591692
0.0615999999999998 5.00769087304117
0.0616999999999997 5.04724628895815
0.0617999999999997 5.08104031152294
0.0618999999999998 5.04551714459961
0.0619999999999998 5.03591737567991
0.0620999999999998 5.03109288845105
0.0621999999999997 5.0175731714951
0.0622999999999998 5.03355125559531
0.0623999999999998 5.07764592940765
0.0624999999999997 5.10198337148955
0.0625999999999998 5.09739256579237
0.0626999999999998 5.12739221863672
0.0627999999999998 5.11588386617166
0.0628999999999997 5.12596560101904
0.0629999999999998 5.1030891328598
0.0630999999999998 5.1505427760787
0.0631999999999998 5.12748969851621
0.0632999999999997 5.16017508871067
0.0633999999999998 5.16439928535601
0.0634999999999998 5.15610074805405
0.0635999999999997 5.1662509983173
0.0636999999999997 5.1679688408063
0.0637999999999998 5.14584605281108
0.0638999999999998 5.18499267735613
0.0639999999999998 5.21762074437816
0.0640999999999997 5.23785666711397
0.0641999999999998 5.21039453963859
0.0642999999999998 5.24582036801032
0.0643999999999997 5.22147228125574
0.0644999999999998 5.23106359590742
0.0645999999999998 5.28128326301196
0.0646999999999998 5.24710652606424
0.0647999999999997 5.26881431537002
0.0648999999999997 5.30494698223008
0.0649999999999998 5.28086255340353
0.0650999999999998 5.27338553299509
0.0651999999999997 5.24451778051389
0.0652999999999998 5.27462830845121
0.0653999999999998 5.36225236614404
0.0654999999999997 5.33924076387763
0.0655999999999997 5.33705801376253
0.0656999999999998 5.3190111177239
0.0657999999999998 5.33390280622517
0.0658999999999998 5.32941966921586
0.0659999999999997 5.35825941584138
0.0660999999999998 5.39248805164919
0.0661999999999998 5.42597775911062
0.0662999999999997 5.42924718125776
0.0663999999999997 5.34282944958
0.0664999999999998 5.35010427172916
0.0665999999999998 5.37815744935147
0.0666999999999997 5.39947022549705
0.0667999999999997 5.4270447537147
0.0668999999999998 5.45927052746455
0.0669999999999998 5.43754484526756
0.0670999999999997 5.42749881439282
0.0671999999999998 5.42290757456807
0.0672999999999998 5.41115948171281
0.0673999999999997 5.44333772116411
0.0674999999999997 5.4764332423834
0.0675999999999998 5.45798750105183
0.0676999999999998 5.50384108795727
0.0677999999999998 5.50230312819908
0.0678999999999997 5.51623701315526
0.0679999999999998 5.49967632320666
0.0680999999999998 5.47302296057318
0.0681999999999997 5.5175675057968
0.0682999999999997 5.53531064153332
0.0683999999999998 5.56945125007577
0.0684999999999998 5.57211275740035
0.0685999999999997 5.56787931266294
0.0686999999999997 5.52432479741838
0.0687999999999998 5.54592465241004
0.0688999999999998 5.56106498908848
0.0689999999999997 5.57782846593529
0.0690999999999998 5.61990417706325
0.0691999999999998 5.61811383203431
0.0692999999999997 5.60226475572119
0.0693999999999997 5.57323854189454
0.0694999999999998 5.57876659893079
0.0695999999999998 5.66189829064565
0.0696999999999998 5.63844275277293
0.0697999999999997 5.66802412508047
0.0698999999999998 5.64544257341562
0.0699999999999998 5.63114100894103
0.0700999999999997 5.6416087830134
0.0701999999999997 5.64858763616384
0.0702999999999998 5.66572184600501
0.0703999999999998 5.69335777451194
0.0704999999999997 5.69001633290681
0.0705999999999997 5.74455449191896
0.0706999999999998 5.75738492745064
0.0707999999999998 5.71009971930991
0.0708999999999997 5.68448204229846
0.0709999999999998 5.66692025317013
0.0710999999999998 5.71882458109469
0.0711999999999998 5.73148177453421
0.0712999999999997 5.79142801964853
0.0713999999999998 5.8198964696326
0.0714999999999998 5.77729754993269
0.0715999999999998 5.7579938939651
0.0716999999999997 5.76921563751046
0.0717999999999998 5.76039937445167
0.0718999999999998 5.80153935465757
0.0719999999999997 5.78817312861625
0.0720999999999997 5.80315047523938
0.0721999999999998 5.78399512030366
0.0722999999999998 5.85038357997155
0.0723999999999999 5.81574335130962
0.0724999999999997 5.80144110661965
0.0725999999999998 5.83193048826247
0.0726999999999998 5.82909357954579
0.0727999999999997 5.90394973470597
0.0728999999999998 5.91939812148425
0.0729999999999998 5.90459023454189
0.0730999999999997 5.84805350729599
0.0731999999999997 5.90262293444947
0.0732999999999998 5.89910489148544
0.0733999999999998 5.91532903280568
0.0734999999999998 5.93752708970999
0.0735999999999997 5.89619576275747
0.0736999999999998 5.93589241870155
0.0737999999999998 5.95762535563178
0.0738999999999997 5.9828838634695
0.0739999999999997 5.98701105037467
0.0740999999999998 5.92416129012617
0.0741999999999998 5.89203113055531
0.0742999999999998 5.92675314074227
0.0743999999999997 5.96156808954393
0.0744999999999998 6.0198707517593
0.0745999999999998 6.03170074741911
0.0746999999999997 6.07699914495573
0.0747999999999997 6.02275087094334
0.0748999999999998 5.9558740376588
0.0749999999999998 5.98570577306051
0.0750999999999997 6.02059218425603
0.0751999999999998 6.01577865303144
0.0752999999999998 6.11589515908961
0.0753999999999998 6.07032969581503
0.0754999999999997 6.04368132537046
0.0755999999999998 6.0473141474367
0.0756999999999998 6.04805031763093
0.0757999999999997 6.01282936568971
0.0758999999999997 6.06759861263407
0.0759999999999998 6.10917110990779
0.0760999999999998 6.13930049941543
0.0761999999999998 6.16814422867284
0.0762999999999997 6.16149417893752
0.0763999999999998 6.04712548704468
0.0764999999999998 6.07477415145506
0.0765999999999997 6.10567012374855
0.0766999999999997 6.14391410057133
0.0767999999999998 6.19955976946417
0.0768999999999998 6.18935549544531
0.0769999999999999 6.16910292882231
0.0770999999999998 6.14236534397815
0.0771999999999998 6.16836747383795
0.0772999999999998 6.16129089302411
0.0773999999999997 6.18212275569705
0.0774999999999998 6.17790913539029
0.0775999999999998 6.22177153034125
0.0776999999999997 6.2417021373463
0.0777999999999997 6.29149630765639
0.0778999999999998 6.25808812023394
0.0779999999999998 6.21946924604025
0.0780999999999998 6.18170030238836
0.0781999999999997 6.18475547800766
0.0782999999999998 6.24910268599358
0.0783999999999998 6.26997198808631
0.0784999999999997 6.33007958404214
0.0785999999999997 6.28444250039224
0.0786999999999998 6.27692944001773
0.0787999999999998 6.28483599966096
0.0788999999999999 6.29295693456325
0.0789999999999998 6.22146777483352
0.0790999999999998 6.22280058252152
0.0791999999999998 6.31504084382144
0.0792999999999997 6.33816332626562
0.0793999999999998 6.42559913868484
0.0794999999999998 6.39840375319617
0.0795999999999997 6.32909794053664
0.0796999999999997 6.35961625985799
0.0797999999999998 6.33317358969939
0.0798999999999998 6.38382930065091
0.0799999999999998 6.37835142297792
0.0800999999999997 6.40167854427816
0.0801999999999998 6.40147233506136
0.0802999999999998 6.42777008940291
0.0803999999999997 6.39930541668734
0.0804999999999997 6.41806730673276
0.0805999999999998 6.41910711036568
0.0806999999999998 6.39992712662495
0.0807999999999997 6.42692644635091
0.0808999999999997 6.44209006792342
0.0809999999999998 6.44220237341808
0.0810999999999998 6.4369450400285
0.0811999999999997 6.36911826057949
0.0812999999999998 6.4052294203387
0.0813999999999998 6.42418039062767
0.0814999999999997 6.53601398694192
0.0815999999999997 6.5620696569565
0.0816999999999998 6.5780503456185
0.0817999999999998 6.48689760032058
0.0818999999999998 6.40876321018395
0.0819999999999997 6.43424562281866
0.0820999999999998 6.47913411130574
0.0821999999999998 6.51749604906426
0.0822999999999997 6.55170090927302
0.0823999999999997 6.57543116185814
0.0824999999999998 6.58666220690267
0.0825999999999998 6.5223281536479
0.0826999999999998 6.50879325459649
0.0827999999999997 6.53789695895311
0.0828999999999998 6.5560820446092
0.0829999999999998 6.59755636876655
0.0830999999999997 6.59212585113777
0.0831999999999997 6.59327243367954
0.0832999999999998 6.58873360420726
0.0833999999999997 6.56569440050644
0.0834999999999997 6.59239674176727
0.0835999999999998 6.55982323251605
0.0836999999999998 6.64982783690174
0.0837999999999998 6.63881302317712
0.0838999999999997 6.64203530498681
0.0839999999999998 6.63617393342408
0.0840999999999998 6.58651582408931
0.0841999999999997 6.58160273874192
0.0842999999999997 6.63043100154989
0.0843999999999998 6.66715175952
0.0844999999999998 6.70028214654828
0.0845999999999998 6.73915979973967
0.0846999999999997 6.65935528807594
0.0847999999999998 6.66908565269103
0.0848999999999998 6.69202224115738
0.0849999999999997 6.73938310098316
0.0850999999999997 6.7834329301059
0.0851999999999998 6.75135918821528
0.0852999999999997 6.68415355869078
0.0853999999999997 6.64693837102597
0.0854999999999998 6.71167500522056
0.0855999999999998 6.7984763379783
0.0856999999999998 6.77637552557511
0.0857999999999997 6.82983654873328
0.0858999999999998 6.7645105588209
0.0859999999999998 6.73319311128729
0.0860999999999997 6.73060636777029
0.0861999999999997 6.80775502743556
0.0862999999999998 6.80692481673252
0.0863999999999998 6.79829143916929
0.0864999999999998 6.85932566344126
0.0865999999999997 6.86611971413094
0.0866999999999998 6.81776291747217
0.0867999999999998 6.79300470748489
0.0868999999999997 6.74189211378424
0.0869999999999997 6.81738955068165
0.0870999999999998 6.86829044197273
0.0871999999999997 6.88964986245218
0.0872999999999997 6.86539478590847
0.0873999999999998 6.89740367360603
0.0874999999999998 6.85726484070714
0.0875999999999998 6.84391408130479
0.0876999999999997 6.87878737611798
0.0877999999999998 6.90194846719348
0.0878999999999998 6.89504073218652
0.0879999999999997 6.92471832465217
0.0880999999999997 6.97055660383266
0.0881999999999998 6.92966653395588
0.0882999999999998 6.88914552764661
0.0883999999999998 6.90003764334955
0.0884999999999997 6.91141419344641
0.0885999999999998 6.95918536269713
0.0886999999999998 6.95743521999358
0.0887999999999997 6.94724663886803
0.0888999999999997 6.99258378384586
0.0889999999999998 6.96084615619939
0.0890999999999997 6.92638412966517
0.0891999999999997 6.96319163002874
0.0892999999999998 7.00849150839271
0.0893999999999998 7.02794652665411
0.0894999999999998 7.02401632041467
0.0895999999999997 6.9849000449024
0.0896999999999998 6.9505785015437
0.0897999999999998 7.00584310624135
0.0898999999999997 7.03037501742182
0.0899999999999997 7.06574228590279
0.0900999999999998 7.04123368334639
0.0901999999999998 7.02989786347603
0.0902999999999998 7.01483445428854
0.0903999999999997 7.00186286146941
0.0904999999999998 7.08268816297863
0.0905999999999998 7.13877489433333
0.0906999999999997 7.14212782101904
0.0907999999999997 7.03485278954437
0.0908999999999998 6.98410589774729
0.0909999999999997 7.03505206244622
0.0910999999999997 7.10219093024219
0.0911999999999998 7.09036920428714
0.0912999999999998 7.11508471202218
0.0913999999999998 7.1405961223356
0.0914999999999997 7.11772021708861
0.0915999999999998 7.05958838350986
0.0916999999999998 7.09066450229384
0.0917999999999997 7.0973441039745
0.0918999999999997 7.11119080653359
0.0919999999999998 7.16548818903289
0.0920999999999998 7.17192765426625
0.0921999999999998 7.18234332040178
0.0922999999999997 7.19693076212134
0.0923999999999998 7.17738176768603
0.0924999999999998 7.1810801911246
0.0925999999999997 7.21276358568889
0.0926999999999997 7.19659747999075
0.0927999999999998 7.23158210931274
0.0928999999999998 7.17908830664291
0.0929999999999998 7.20257365245017
0.0930999999999998 7.23490698751955
0.0931999999999998 7.22569399313122
0.0932999999999998 7.20415343747541
0.0933999999999997 7.20906347294561
0.0934999999999997 7.22987916954541
0.0935999999999998 7.20381894657692
0.0936999999999997 7.27984848387326
0.0937999999999997 7.29283602727311
0.0938999999999998 7.27515383565271
0.0939999999999998 7.31557433762347
0.0940999999999998 7.27578960671845
0.0941999999999997 7.20102565585914
0.0942999999999998 7.23877964741375
0.0943999999999998 7.3127975325702
0.0944999999999997 7.34499002869717
0.0945999999999997 7.37937473667266
0.0946999999999998 7.35766160452683
0.0947999999999997 7.28170204155044
0.0948999999999998 7.26878644697955
0.0949999999999998 7.29446635986964
0.0950999999999998 7.30591896124216
0.0951999999999998 7.34490080270802
0.0952999999999997 7.36844357672896
0.0953999999999997 7.39156696563667
0.0954999999999998 7.352160105706
0.0955999999999997 7.33628114923931
0.0956999999999997 7.34686751610519
0.0957999999999998 7.3128698549949
0.0958999999999998 7.38121238589687
0.0959999999999998 7.41834403001677
0.0960999999999997 7.47631046512786
0.0961999999999998 7.42282261356864
0.0962999999999998 7.42132139466037
0.0963999999999997 7.36046450832252
0.0964999999999997 7.39280565338901
0.0965999999999998 7.41854742387591
0.0966999999999998 7.44924434987426
0.0967999999999998 7.43870779991915
0.0968999999999998 7.4335648506503
0.0969999999999998 7.41837777621446
0.0970999999999998 7.42208105995013
0.0971999999999997 7.5102532642714
0.0972999999999997 7.53722860123459
0.0973999999999998 7.47982800137857
0.0974999999999997 7.41947014886616
0.0975999999999997 7.45656991594559
0.0976999999999998 7.44754588768658
0.0977999999999998 7.50148357984892
0.0978999999999998 7.52944602002155
0.0979999999999997 7.52445252124839
0.0980999999999998 7.48165828862876
0.0981999999999998 7.49517809972652
0.0982999999999997 7.49109086312492
0.0983999999999997 7.50162760681405
0.0984999999999998 7.56515167480873
0.0985999999999997 7.56024218674386
0.0986999999999998 7.59237448993196
0.0987999999999997 7.55343377747202
0.0988999999999998 7.48945600915351
0.0989999999999998 7.53306770040138
0.0990999999999997 7.5318518981005
0.0991999999999997 7.6063769665251
0.0992999999999998 7.61515748708085
0.0993999999999997 7.53411020241028
0.0994999999999997 7.54183283900873
0.0995999999999998 7.57712170210142
0.0996999999999998 7.60851279032609
0.0997999999999998 7.65790699885653
0.0998999999999997 7.65714794726361
0.0999999999999998 7.61066548217704
0.1001 7.56731342788727
0.1002 7.55742740061492
0.1003 7.56907732929283
0.1004 7.65995781599603
0.1005 7.70185828063433
0.1006 7.68678245165038
0.1007 7.68415193411696
0.1008 7.6503625593371
0.1009 7.57183942496289
0.101 7.6073236980332
0.1011 7.70675104505028
0.1012 7.71067487880598
0.1013 7.72737378083929
0.1014 7.68710211011311
0.1015 7.70188758904785
0.1016 7.68651730054666
0.1017 7.68882682608493
0.1018 7.67977915016432
0.1019 7.75639607644489
0.102 7.77702987294054
0.1021 7.69858447267608
0.1022 7.63364814442525
0.1023 7.67562549023101
0.1024 7.70518788040311
0.1025 7.77546911260132
0.1026 7.74370756339341
0.1027 7.80605155067469
0.1028 7.81328868679168
0.1029 7.73843805448142
0.103 7.65857441973491
0.1031 7.74284297638001
0.1032 7.80059993594488
0.1033 7.74473220729674
0.1034 7.82896713793587
0.1035 7.87045330287664
0.1036 7.76630076326281
0.1037 7.76232461128818
0.1038 7.76662167333062
0.1039 7.81372201876882
0.104 7.88133587043198
0.1041 7.89485054761524
0.1042 7.87763445375165
0.1043 7.85132523077911
0.1044 7.81810592012705
0.1045 7.79911878894024
0.1046 7.80682987049914
0.1047 7.83889443143692
0.1048 7.86314548477656
0.1049 7.92167670869644
0.105 7.91523933865817
0.1051 7.86190201101561
0.1052 7.83210485925504
0.1053 7.83923948687799
0.1054 7.87020381670404
0.1055 7.98729702145113
0.1056 7.99020488531263
0.1057 7.90353384122661
0.1058 7.87635617583545
0.1059 7.85446639145574
0.106 7.90254545928979
0.1061 7.92581786690153
0.1062 7.91910122565447
0.1063 7.95571840600251
0.1064 7.94449243421339
0.1065 7.93909787627532
0.1066 7.90693307076168
0.1067 7.94395678613811
0.1068 7.96128286463903
0.1069 7.99176081741129
0.107 8.03547368370494
0.1071 7.95663110960193
0.1072 7.99350131664172
0.1073 7.978714439593
0.1074 7.96670053645373
0.1075 8.02622618130257
0.1076 8.05560512698509
0.1077 8.05290196728098
0.1078 7.98379025822789
0.1079 7.96793805313419
0.108 7.99211507527707
0.1081 8.02824975486404
0.1082 8.1276044717594
0.1083 8.12632916078076
0.1084 8.08534000101834
0.1085 8.04479183297667
0.1086 8.01789860374931
0.1087 8.05645876927588
0.1088 8.10185471314748
0.1089 8.12774337246585
0.109 8.12911752548783
0.1091 8.05284396778075
0.1092 8.07388631969755
0.1093 8.05051588483767
0.1094 8.08529125706941
0.1095 8.17433101634749
0.1096 8.17873886134674
0.1097 8.1772641657569
0.1098 8.13799491843824
0.1099 8.08300711195161
0.11 8.13554529836218
0.1101 8.12153414144395
0.1102 8.18865870627686
0.1103 8.1973001425967
0.1104 8.14631908520465
0.1105 8.10039638899173
0.1106 8.14301066022962
0.1107 8.13548597826164
0.1108 8.18574053364064
0.1109 8.16454505987299
0.111 8.19324128183072
0.1111 8.19338480414973
0.1112 8.18281856565908
0.1113 8.18695480986228
0.1114 8.21693909487251
0.1115 8.17136555615284
0.1116 8.20595447761398
0.1117 8.18730084083282
0.1118 8.19373340114745
0.1119 8.21845963519828
0.112 8.2297914876548
0.1121 8.28620875471115
0.1122 8.29843523812318
0.1123 8.28378645170834
0.1124 8.21478510163919
0.1125 8.19494969669196
0.1126 8.25577233842304
0.1127 8.25799810352024
0.1128 8.27190191301896
0.1129 8.33109903712716
0.113 8.27174595324266
0.1131 8.2480967388736
0.1132 8.21435816307289
0.1133 8.27823373401349
0.1134 8.28454790971823
0.1135 8.34571617340684
0.1136 8.30159757778095
0.1137 8.31227328540791
0.1138 8.23787957556299
0.1139 8.28378274943145
0.114 8.31094446412169
0.1141 8.33332488862953
0.1142 8.35155102418729
0.1143 8.3508622927151
0.1144 8.33449279338229
0.1145 8.30619473821629
0.1146 8.30319225849063
0.1147 8.30970029553311
0.1148 8.36116839447715
0.1149 8.32559384906736
0.115 8.37802910139962
0.1151 8.36548636903466
0.1152 8.38359029974271
0.1153 8.34337392030258
0.1154 8.35388093981056
0.1155 8.39241848747991
0.1156 8.42841577319863
0.1157 8.40373151105886
0.1158 8.40021856173922
0.1159 8.40543964904781
0.116 8.43514168554027
0.1161 8.41332974386405
0.1162 8.40519648865972
0.1163 8.37140984900945
0.1164 8.38358009913468
0.1165 8.4245057865793
0.1166 8.43172550415849
0.1167 8.47254237402038
0.1168 8.39894893574873
0.1169 8.41147524349646
0.117 8.39564382038788
0.1171 8.4158151552783
0.1172 8.57040233090782
0.1173 8.4978272213814
0.1174 8.49649412973978
0.1175 8.47410922810811
0.1176 8.492291879431
0.1177 8.43516670956936
0.1178 8.45592852788731
0.1179 8.48870215016377
0.118 8.57607695884924
0.1181 8.52662246422605
0.1182 8.54244192399888
0.1183 8.47290124603795
0.1184 8.4502572180561
0.1185 8.46929432572871
0.1186 8.56323981593724
0.1187 8.58183470177674
0.1188 8.51805871853035
0.1189 8.48623202650781
0.119 8.48381325728215
0.1191 8.50650632063479
0.1192 8.57824898625851
0.1193 8.59259444145802
0.1194 8.59708825268863
0.1195 8.57997795312562
0.1196 8.49619326499335
0.1197 8.48816064646089
0.1198 8.5558091594688
0.1199 8.64470077914689
0.12 8.60363115697158
0.1201 8.57268124002872
0.1202 8.55416055400154
0.1203 8.54986532921401
0.1204 8.55825729695064
0.1205 8.64002812633712
0.1206 8.59006791521414
0.1207 8.60846159835264
0.1208 8.59532931786526
0.1209 8.54395733639384
0.121 8.60773362898271
0.1211 8.6559256154247
0.1212 8.64902623610293
0.1213 8.67799723213617
0.1214 8.669162230828
0.1215 8.63348836899176
0.1216 8.5888627102393
0.1217 8.62789328159702
0.1218 8.67871244405772
0.1219 8.67654733818005
0.122 8.6885825943536
0.1221 8.69121907734573
0.1222 8.66386469921414
0.1223 8.59110546241885
0.1224 8.63125885981684
0.1225 8.69705665581857
0.1226 8.73332568945809
0.1227 8.72049873779869
0.1228 8.67104623993971
0.1229 8.70165500622424
0.123 8.72194695845766
0.1231 8.70654279801967
0.1232 8.73758515553857
0.1233 8.78860126982899
0.1234 8.79364420681527
0.1235 8.6994461880984
0.1236 8.67247138888331
0.1237 8.70876595092349
0.1238 8.72976796181139
0.1239 8.77647076498032
0.124 8.80779795418927
0.1241 8.76716405333661
0.1242 8.7806779406559
0.1243 8.72431627718922
0.1244 8.74525889812568
0.1245 8.75389542423741
0.1246 8.91214436086163
0.1247 8.86436597720097
0.1248 8.82240576719053
0.1249 8.73932002416348
0.125 8.74539610178036
0.1251 8.77397754428599
0.1252 8.86077549294866
0.1253 8.86745988532049
0.1254 8.73744911348522
0.1255 8.7986010391442
0.1256 8.7776053314154
0.1257 8.79687694000313
0.1258 8.82494045046077
0.1259 8.95355988761129
0.126 8.8846960788902
0.1261 8.85616323205684
0.1262 8.79181735110106
0.1263 8.80285409092864
0.1264 8.84835548755076
0.1265 8.87391006117016
0.1266 8.90868522831901
0.1267 8.85379983528628
0.1268 8.87816384203544
0.1269 8.84696041082498
0.127 8.85519073488805
0.1271 8.84658735283574
0.1272 8.89254357440282
0.1273 8.85892485778931
0.1274 8.88045835384682
0.1275 8.81545802769472
0.1276 8.80984220754538
0.1277 8.85993214305786
0.1278 8.94773477923614
0.1279 8.91891531041119
0.128 8.90400075401687
0.1281 8.87209388093939
0.1282 8.91146335523372
0.1283 8.89126325035265
0.1284 8.92812405642866
0.1285 8.92677467658816
0.1286 8.90458354707613
0.1287 8.93897393600398
0.1288 8.96136077607707
0.1289 8.93171878227726
0.129 8.88464360354891
0.1291 8.90124426528915
0.1292 8.97664076116922
0.1293 8.97851569263831
0.1294 8.94740377192302
0.1295 8.93508315200317
0.1296 9.00795305945097
0.1297 8.98139025265699
0.1298 8.95370348621654
0.1299 9.00514413158873
0.13 9.00856388312048
0.1301 8.98636506379467
0.1302 8.98563278715083
0.1303 9.01270407765037
0.1304 9.07536786365575
0.1305 9.0279742571759
0.1306 9.04900615622191
0.1307 9.0397208474332
0.1308 9.01275509128203
0.1309 8.94346147592155
0.131 8.98483465242467
0.1311 9.04071952265954
0.1312 9.07872732163867
0.1313 9.03441836086966
0.1314 8.97652541916947
0.1315 9.03197689050137
0.1316 8.98811470003856
0.1317 9.0527394897938
0.1318 9.06077053545963
0.1319 9.10206565088599
0.132 9.06644371499056
0.1321 9.06847409021094
0.1322 9.03551955950994
0.1323 9.10385585427085
0.1324 9.10610285940187
0.1325 9.075854542313
0.1326 9.09423132913835
0.1327 9.12608354318838
0.1328 9.08056410974634
0.1329 9.10195565465976
0.133 9.11275874509221
0.1331 9.08713780296131
0.1332 9.11154919938892
0.1333 9.105548637642
0.1334 9.11460437855011
0.1335 9.12664903494085
0.1336 9.08063744822706
0.1337 9.10594565594775
0.1338 9.16414920146502
0.1339 9.13119590515104
0.134 9.10705645765528
0.1341 9.10989193565983
0.1342 9.11032089712277
0.1343 9.10623952625795
0.1344 9.19223175159433
0.1345 9.17491999155082
0.1346 9.14527922896964
0.1347 9.11709925236773
0.1348 9.06975992697173
0.1349 9.17499171845093
0.135 9.21228996956075
0.1351 9.23187271294205
0.1352 9.12184526252603
0.1353 9.10968254294726
0.1354 9.09088251425782
0.1355 9.20585391066172
0.1356 9.19845314557399
0.1357 9.24921724460101
0.1358 9.1585499670619
0.1359 9.18390357247194
0.136 9.19601836924992
0.1361 9.21918619726184
0.1362 9.2087408685223
0.1363 9.27148656499026
0.1364 9.25319545934095
0.1365 9.18252701878847
0.1366 9.19089378652017
0.1367 9.19203626293798
0.1368 9.2315420007478
0.1369 9.28121011416673
0.137 9.28546367164415
0.1371 9.27687679538935
0.1372 9.24396230464158
0.1373 9.21723983993184
0.1374 9.26449613651161
0.1375 9.26998513762487
0.1376 9.25057546536711
0.1377 9.2626441392817
0.1378 9.17724964039085
0.1379 9.25237103068213
0.138 9.23627692966446
0.1381 9.26197839607996
0.1382 9.28332412967719
0.1383 9.27400070007004
0.1384 9.24205006780832
0.1385 9.20248946974938
0.1386 9.26788321814488
0.1387 9.28200158788401
0.1388 9.29614410292623
0.1389 9.2841761308691
0.139 9.35290241497005
0.1391 9.28287557815976
0.1392 9.32175451736839
0.1393 9.3129117601415
0.1394 9.27962990307939
0.1395 9.309448789796
0.1396 9.28973635558733
0.1397 9.24492059461595
0.1398 9.24751649957487
0.1399 9.32463221948799
0.14 9.37036934347623
0.1401 9.32898188517145
0.1402 9.27749777084195
0.1403 9.26401484015878
0.1404 9.28041753573959
0.1405 9.37756845061438
0.1406 9.28441385465283
0.1407 9.25177794710517
0.1408 9.3342744246236
0.1409 9.29501445241701
0.141 9.34386029264063
0.1411 9.35571140745579
0.1412 9.41346266366351
0.1413 9.3353360661195
0.1414 9.25869171193697
0.1415 9.25016409926245
0.1416 9.31052227794749
0.1417 9.33849350604193
0.1418 9.38710552198808
0.1419 9.30988313523829
0.142 9.27070090461832
0.1421 9.23095274531407
0.1422 9.34126313416863
0.1423 9.37496509053124
0.1424 9.38168600523196
0.1425 9.37049290336102
0.1426 9.27415586368257
0.1427 9.25571873739344
0.1428 9.18971543807317
0.1429 9.16004259354639
0.143 9.01936323787939
0.1431 8.84438443178032
0.1432 8.64374684360312
0.1433 8.42344253889224
0.1434 8.09308140160144
0.1435 7.80565581241219
0.1436 7.21735899107308
