# Fix print output for fix out1
1.35546173710163e-15 0.0966487878999532
0.000399999999998296 0.314172029215175
0.000799999999993388 0.531911480210583
0.0011999999999891 0.626743811225229
0.00159999999998591 0.575595179060043
0.00199999999998199 0.67727704525013
0.00239999999997733 0.721266845404231
0.00279999999997427 0.802407990609438
0.00319999999996949 0.836075016625343
0.00359999999996495 0.857724027383008
0.00399999999996201 0.845511057951922
0.00439999999995723 0.844100871060582
0.00479999999995293 0.879076125132516
0.00519999999994963 0.911894825148279
0.00559999999994497 0.947932831263947
0.00599999999994104 1.00816669573019
0.00639999999993737 0.983933453408923
0.00679999999993295 1.05956362593745
0.00719999999992866 1.1475731725604
0.00759999999992511 1.2233052328358
0.0079999999999202 1.22777346229463
0.00839999999991714 1.28821198515079
0.00879999999991309 1.3447556692396
0.00919999999990843 1.23449891200086
0.00959999999990513 1.34630868936088
0.00999999999990071 1.41882941075293
0.0103999999998959 1.35787811973494
0.0107999999998932 1.36202666121903
0.0111999999998889 1.4820475208803
0.0115999999998842 1.55986059788116
0.0119999999998812 1.58620427917405
0.0123999999998764 1.58884950665476
0.012799999999872 1.68831102386376
0.0131999999998691 1.68223033349263
0.0135999999998642 1.7354417494823
0.01399999999986 1.81178145488371
0.0143999999998566 1.81060757349589
0.0147999999998518 1.82909845307547
0.0151999999998481 1.82769579328893
0.0155999999998443 1.9120499965539
0.0159999999998399 1.8836300479911
0.0163999999998354 1.92142286057169
0.0167999999998321 1.9590100380389
0.0171999999998272 1.98134979736432
0.0175999999998243 2.00406777177414
0.0179999999998203 2.09850654814274
0.0183999999998155 2.1449782173352
0.0187999999998121 2.10532951730061
0.0191999999998075 2.15819659664902
0.0195999999998028 2.18859402959588
0.0199999999998001 2.25677987015447
0.0203999999997958 2.19628683269317
0.0207999999997912 2.26703096413132
0.0211999999997882 2.36850541894112
0.0215999999997833 2.38242737555765
0.021999999999779 2.33129334185509
0.022399999999776 2.41449150272316
0.022799999999771 2.39663189825038
0.0231999999997671 2.45765080756283
0.0235999999997635 2.45942742176347
0.0239999999997586 2.46576494001061
0.0243999999997551 2.46062148948938
0.0247999999997514 2.48341597749686
0.0251999999997467 2.48524133123023
0.0255999999997428 2.55480632235824
0.0259999999997391 2.49736344227603
0.0263999999997342 2.6445442682972
0.0267999999997312 2.71599480939
0.027199999999727 2.69840008500152
0.0275999999997223 2.74138477304036
0.0279999999997194 2.80006632405965
0.0283999999997144 2.79958891247959
0.0287999999997098 2.80469374824821
0.0291999999997073 2.81391093406032
0.0295999999997029 2.86153785618438
0.0299999999996982 2.83931183561755
0.0303999999996954 2.85986201210555
0.0307999999996902 2.9094192732816
0.0311999999996861 2.92514704658441
0.0315999999996827 2.97124047844716
0.0319999999996778 2.99317081102058
0.0323999999996742 3.07300816945308
0.0327999999996704 3.11140093053207
0.0331999999996658 3.10186772045451
0.0335999999996619 3.09430858911614
0.033999999999658 3.05564144904129
0.0343999999996536 3.04883599053182
0.0347999999996495 3.0206837794623
0.0351999999996465 3.04770617811751
0.0355999999996416 3.00735447070961
0.0359999999996379 3.01854066234075
0.0363999999996342 3.06086102333879
0.0367999999996294 3.14711253844132
0.0371999999996262 3.25187267742779
0.0375999999996218 3.26126202999346
0.037999999999617 3.34171587904597
0.0383999999996139 3.36744446237406
0.0387999999996098 3.36132753361009
0.0391999999996054 3.39877623999106
0.0395999999996025 3.42815205149483
0.0399999999995971 3.38872655240928
0.0403999999995929 3.2954525999653
0.0407999999995896 3.47274542124471
0.0411999999995849 3.42646811732946
0.0415999999995809 3.3992113836075
0.0419999999995777 3.48632469752685
0.0423999999995728 3.50296663795627
0.042799999999569 3.63715317227798
0.0431999999995652 3.61961828676549
0.0435999999995606 3.65819181086087
0.0439999999995569 3.76144137506017
0.0443999999995533 3.70717871002052
0.044799999999548 3.67934587177565
0.0451999999995452 3.68822882367925
0.0455999999995412 3.72061189412297
0.0459999999995364 3.67575295490748
0.0463999999995331 3.75040548275711
0.0467999999995285 3.83044931443888
0.0471999999995237 3.80278569145714
0.0475999999995207 3.87091425101582
0.0479999999995166 3.9313347061636
0.0483999999995123 3.99625431587245
0.0487999999995093 3.94590696148552
0.0491999999995038 3.99051618877121
0.0495999999995 4.01570630034376
0.0499999999994967 3.99762067639137
0.0503999999994921 3.99375152403767
0.0507999999994878 4.05982202038318
0.0511999999994845 3.93148611863015
0.0515999999994795 4.05664585650577
0.0519999999994762 4.08442663475743
0.0523999999994721 4.09598690883164
0.0527999999994678 4.16198225315335
0.0531999999994638 4.1780452234669
0.05359999999946 4.22660470008617
0.0539999999994547 4.21216754922059
0.0543999999994522 4.26901084418564
0.0547999999994481 4.3337634097881
0.0551999999994438 4.31427991873882
0.0555999999994403 4.3037598632254
0.0559999999994355 4.26578092456305
0.0563999999994307 4.29505220815734
0.0567999999994279 4.2818945336937
0.0571999999994236 4.33307780392156
0.0575999999994191 4.33919272573026
0.0579999999994162 4.40300196240925
0.0583999999994112 4.395952139098
0.0587999999994074 4.47624300972184
0.0591999999994034 4.41599479391151
0.0595999999993986 4.42771014154798
0.0599999999993948 4.56450555192859
0.0603999999993915 4.41105126751261
0.0607999999993867 4.46291044909029
0.0611999999993829 4.47847291070036
0.0615999999993789 4.47335736305971
0.0619999999993746 4.45123710325954
0.062399999999371 4.4706684913608
0.0627999999993672 4.32704085378174
0.0631999999993624 4.41112877990806
0.0635999999993591 4.37420476323863
0.0639999999993548 4.40371073817783
0.0643999999993505 4.48097008704795
0.0647999999993472 4.48967240130993
0.0651999999993427 4.34361431163176
0.0655999999993379 4.38330400190471
0.0659999999993351 4.4335676965381
0.0663999999993306 4.24576793162383
0.066799999999326 4.09703025798365
0.0671999999993232 3.9516776434441
0.0675999999993182 3.7710749697526
0.0679999999993139 3.6572410833994
0.0683999999993106 3.48262256527086
0.068799999999306 3.21964322603065
0.0691999999993017 3.03890745562328
0.0695999999992984 2.82774192610587
0.0699999999992934 2.7541514031959
0.0703999999992901 2.40959371101978
0.0707999999992861 2.30656456128195
0.0711999999992818 2.19437751922058
0.0715999999992782 1.9853308371721
0.0719999999992739 1.82605117034416
0.0723999999992691 1.85628811196486
0.0727999999992663 1.7510162740367
0.073199999999262 1.70261594538672
0.0735999999992577 1.72859684760908
0.0739999999992542 1.85095589149851
0.0743999999992494 1.8398571566275
0.0747999999992449 1.84658716188652
0.0751999999992425 1.83100258269239
0.0755999999992375 1.86449268129021
0.0759999999992332 1.80631030531192
0.0763999999992302 1.80372429077251
0.0767999999992256 1.62039038841175
0.0771999999992216 1.6531537469388
0.0775999999992173 1.59250204878346
0.0779999999992123 1.50614007523975
0.0783999999992085 1.60531117240865
0.0787999999992059 1.58518835105427
0.0791999999992011 1.53568596721241
0.079599999999197 1.59038695831446
0.0799999999991928 1.55116352168984
0.080399999999189 1.61099717605481
0.0807999999991849 1.58763661525266
0.0811999999991814 1.66588495344283
0.0815999999991766 1.73089064320801
0.0819999999991728 1.57891336001184
0.0823999999991685 1.51744371277151
0.0827999999991642 1.5576819458708
0.0831999999991611 1.36036266496713
0.0835999999991571 1.39403734347221
0.0839999999991523 1.38512570591001
0.0843999999991495 1.40151493751758
0.084799999999144 1.51850211196793
0.0851999999991399 1.48837631017187
0.0855999999991371 1.40812537354489
0.0859999999991323 1.49902295221589
0.086399999999128 1.46668119665946
0.0867999999991242 1.46745927347867
0.0871999999991195 1.45483328639931
0.0875999999991156 1.33993265012422
0.0879999999991128 1.38867002128711
0.0883999999991076 1.33345444777286
0.088799999999104 1.35658618735672
0.0891999999990995 1.21220711826782
0.0895999999990957 1.14312595349734
0.0899999999990919 1.1383580614606
0.0903999999990883 1.224116987294
0.0907999999990838 1.19486096085709
0.0911999999990795 1.29828188638852
0.0915999999990754 1.29468934876928
0.0919999999990712 1.33471429899277
0.0923999999990678 1.26129747162185
0.0927999999990638 1.23505442198795
0.0931999999990593 1.16611842069808
0.093599999999056 1.18786843336924
0.0939999999990509 1.13705094495221
0.0943999999990469 1.15944636553718
0.0947999999990441 1.09875593096299
0.095199999999039 1.17253331579401
0.0955999999990352 1.12588211069855
0.0959999999990312 1.04700217321536
0.0963999999990267 1.04614791490255
0.0967999999990226 0.9851362911766
0.0971999999990195 1.11059275494347
0.0975999999990148 1.26209807984107
0.0979999999990107 1.27824927042604
0.0983999999990067 1.22092025993045
0.0987999999990024 1.32589364135632
0.0991999999989991 1.17307333651769
0.0995999999989953 1.21106085525738
0.0999999999989905 1.04507318458431
0.100399999998987 0.988983201065587
0.100799999998983 1.03135681206742
0.101199999998978 1.05669382733421
0.101599999998975 0.992937021396355
0.101999999998971 1.0511554755468
0.102399999998966 0.995771542200723
0.102799999998963 0.901316726322927
0.103199999998958 0.973090424753483
0.103599999998954 0.968938362003584
0.103999999998951 0.939448917920648
0.104399999998946 1.09132414736949
0.104799999998942 1.14521793419365
0.105199999998938 1.17757871402029
0.105599999998933 1.11237050655149
0.105999999998929 1.07146429548849
0.106399999998927 1.02793429562316
0.106799999998922 1.01465669956809
0.107199999998918 1.00935391002837
0.107599999998914 1.07685686994399
0.107999999998909 1.05669852215424
0.108399999998906 0.979059073324337
0.108799999998902 0.970953277820172
0.109199999998897 0.895460589711812
0.109599999998894 0.822760827739991
0.10999999999889 0.840018320311788
0.110399999998885 0.900226839187781
0.110799999998882 0.949180341029851
0.111199999998878 1.07110504467336
0.111599999998873 0.974675791154995
0.11199999999887 0.975784714915858
0.112399999998865 0.97907381760271
0.112799999998861 0.876808791538939
0.113199999998858 0.897098558673091
0.113599999998853 0.923110111943473
0.113999999998849 0.897733091594912
0.114399999998845 0.87307472179848
0.114799999998841 0.84531113141418
0.115199999998837 0.774968751180995
0.115599999998833 0.810644171237528
0.115999999998828 0.709870819716341
0.116399999998825 0.675729992896688
0.116799999998821 0.704001169803293
0.117199999998817 0.746796527105487
0.117599999998813 0.762939563091694
0.117999999998808 0.883007041273877
0.118399999998804 0.812189188055959
0.118799999998801 0.826588380302403
0.119199999998797 0.784545865611766
0.119599999998792 0.716588804171661
0.119999999998789 0.700276617530744
0.120399999998784 0.643136034889054
0.12079999999878 0.618948931748239
0.121199999998777 0.630639803544244
0.121599999998772 0.590282144841965
0.121999999998767 0.554034807972409
0.122399999998764 0.609073687010274
0.12279999999876 0.641843246521252
0.123199999998756 0.6336231067576
0.123599999998752 0.673006913119909
0.123999999998748 0.621800273524848
0.124399999998743 0.71671684818318
0.12479999999874 0.79091488909454
0.125199999998736 0.751014123539461
0.125599999998732 0.700210109572005
0.125999999998728 0.682205215215881
0.126399999998723 0.626071714377056
0.126799999998719 0.578706934520251
0.127199999998715 0.498948583357974
0.127599999998711 0.510703647552966
0.127999999998708 0.471700183555114
0.128399999998704 0.514018677176779
0.128799999998699 0.574992503187349
0.129199999998695 0.571065831408868
0.129599999998691 0.567448389329716
0.129999999998687 0.582303788359437
0.130399999998684 0.577742764989965
0.130799999998679 0.606257269338364
0.131199999998674 0.611082504383604
0.131599999998671 0.538444744507561
0.131999999998667 0.461836720807449
0.132399999998663 0.491815842884759
0.132799999998659 0.426438322445907
0.133199999998655 0.473631766705402
0.13359999999865 0.515895553606922
0.133999999998647 0.53484789990934
0.134399999998643 0.588083200254309
0.134799999998639 0.615202044991847
0.135199999998635 0.634883555467675
0.13559999999863 0.62779518539217
0.135999999998626 0.527866102379392
0.136399999998622 0.486212873564731
0.136799999998618 0.616469011966722
0.137199999998615 0.45343659115118
0.137599999998611 0.46753160614626
0.137999999998606 0.487084891766433
0.138399999998602 0.426125345636297
0.138799999998598 0.41633560916342
0.139199999998594 0.547874445264059
0.139599999998591 0.413082593170578
0.139999999998586 0.494790039711943
0.140399999998581 0.493867936170819
0.140799999998578 0.511557080965166
0.141199999998574 0.699710324483638
0.14159999999857 0.66533356798735
0.141999999998566 0.522243549886029
0.142399999998562 0.628821043380982
0.142799999998557 0.476602803059989
0.143199999998554 0.444737982979541
0.14359999999855 0.398663812127074
0.143999999998546 0.400748878561255
0.144399999998542 0.441669365088132
0.144799999998537 0.530459690215445
0.145199999998534 0.556749110444728
0.14559999999853 0.555868453150408
0.145999999998525 0.450494114809288
0.146399999998521 0.608771990856386
0.146799999998518 0.531077188512742
0.147199999998513 0.634249204353891
0.14759999999851 0.48170592933483
0.147999999998505 0.51919223792208
0.148399999998501 0.587244066472608
0.148799999998497 0.443470792180663
0.149199999998493 0.467609673674608
0.149599999998488 0.417432448066551
0.149999999998485 0.352543746443829
0.150399999998481 0.339006666044872
0.150799999998477 0.313184100057023
0.151199999998473 0.372179043250239
0.151599999998469 0.481060867882219
0.151999999998464 0.355947735412958
0.152399999998461 0.456557783217528
0.152799999998457 0.390760734629935
0.153199999998453 0.288460888474261
0.153599999998449 0.301758451643003
0.153999999998444 0.234099253085287
0.154399999998441 0.258060272760563
0.154799999998437 0.40476212456954
0.155199999998432 0.486753223675404
0.155599999998428 0.526325592798166
0.155999999998425 0.478975382503797
0.15639999999842 0.464225296009915
0.156799999998417 0.366602667501997
0.157199999998412 0.390038522402876
0.157599999998408 0.375488056130207
0.157999999998404 0.377510787708677
0.1583999999984 0.487457231696692
0.158799999998395 0.460077414243484
0.159199999998392 0.380522821564611
0.159599999998388 0.352568226565047
0.159999999998384 0.338253994453282
0.16039999999838 0.439750943140227
0.160799999998376 0.383628763595228
0.161199999998371 0.414608827972772
0.161599999998368 0.447798942087677
0.161999999998364 0.449731001377802
0.16239999999836 0.485609108111912
0.162799999998356 0.378983682175528
0.163199999998351 0.328313812279583
0.163599999998348 0.361945595136182
0.163999999998343 0.389109303173111
0.164399999998339 0.355467839234769
0.164799999998335 0.347700429199362
0.165199999998331 0.38219450040728
0.165599999998327 0.459044095863914
0.165999999998323 0.413951904982287
0.166399999998319 0.512581067001806
0.166799999998315 0.416379102039614
0.167199999998311 0.402298803654856
0.167599999998307 0.459473629416842
0.167999999998302 0.390839321968433
0.168399999998299 0.394179121423062
0.168799999998295 0.346994054803893
0.169199999998291 0.254596280191893
0.169599999998287 0.257673825912263
0.169999999998283 0.221002307387928
0.170399999998278 0.269159566858776
0.170799999998275 0.318620570014395
0.171199999998271 0.510075003466247
0.171599999998267 0.472262849572372
0.171999999998263 0.474421388670711
0.172399999998258 0.468741503284621
0.172799999998254 0.52583831022999
0.17319999999825 0.495625794922161
0.173599999998246 0.427745979880485
0.173999999998243 0.372694722314893
0.174399999998238 0.305090195103063
0.174799999998234 0.363107996852681
0.17519999999823 0.330964916327206
0.175599999998226 0.208452781698562
0.175999999998222 0.242875399433904
0.176399999998218 0.246000801489549
0.176799999998214 0.406124949679919
0.177199999998209 0.376625319348874
0.177599999998206 0.419472247324561
0.177999999998202 0.397215045552012
0.178399999998198 0.450235538863581
0.178799999998194 0.425001144962093
0.17919999999819 0.365024504457792
0.179599999998185 0.26671258344909
0.179999999998182 0.18938670573319
0.180399999998177 0.164673590664929
0.180799999998174 0.16854889839984
0.18119999999817 0.219022826449123
0.181599999998165 0.173788453043202
0.181999999998161 0.153353823443913
0.182399999998158 0.293288326072539
0.182799999998153 0.309956498065895
0.183199999998149 0.333300495572123
0.183599999998145 0.426619318256316
0.183999999998141 0.361858379190041
0.184399999998137 0.426105725496281
0.184799999998133 0.441137827647165
0.185199999998129 0.266969728290761
0.185599999998125 0.213212221971151
0.185999999998121 0.164569979964127
0.186399999998116 0.156712804355869
0.186799999998113 0.14721068676329
0.18719999999811 0.199664817383716
0.187599999998105 0.302758466625842
0.187999999998101 0.41548119532005
0.188399999998096 0.405442060708828
0.188799999998092 0.498767943547821
0.189199999998089 0.29017444216459
0.189599999998085 0.305193528050187
0.189999999998081 0.322492740525969
0.190399999998077 0.325281924607243
0.190799999998072 0.292464639259529
0.191199999998068 0.300195790150274
0.191599999998064 0.217085240606396
0.19199999999806 0.275599382279102
0.192399999998056 0.215797823475955
0.192799999998052 0.207139332603406
0.193199999998048 0.286916123013687
0.193599999998044 0.351748529068294
0.19399999999804 0.389520522450153
0.194399999998036 0.449996904930383
0.194799999998032 0.439970340605298
0.195199999998027 0.382666965437518
0.195599999998023 0.370128275181473
0.19599999999802 0.24015739974277
0.196399999998016 0.184116730305087
0.196799999998012 0.166449992471261
0.197199999998008 0.151196972882214
0.197599999998003 0.265011844713269
0.197999999997999 0.416372161274921
0.198399999997996 0.302356287535924
0.198799999997992 0.211909623958398
0.199199999997988 0.373459196874756
0.199599999997984 0.344524518177239
0.199999999997979 0.454324327688178
0.200399999997976 0.366470361570619
0.200799999997972 0.351639811955486
0.201199999997967 0.393928294942149
0.201599999997963 0.175017454224178
0.201999999997959 0.233097748307045
0.202399999997955 0.123078093534202
0.202799999997952 0.110670824858258
0.203199999997947 0.130599332876238
0.203599999997943 0.225567099714636
0.203999999997939 0.288244560945044
0.204399999997935 0.221146759828792
0.20479999999793 0.281294670068109
0.205199999997927 0.279798877344868
0.205599999997923 0.242260467688795
0.205999999997919 0.237111068697972
0.206399999997915 0.211283632325304
0.206799999997911 0.210719205844875
0.207199999997906 0.232302649830995
0.207599999997903 0.283170738751884
0.207999999997898 0.18803713040054
0.208399999997895 0.183658736407355
0.208799999997891 0.141232375894288
0.209199999997886 0.129326279283475
0.209599999997883 0.188127611887974
0.209999999997878 0.187888135890386
0.210399999997874 0.240322587330906
0.21079999999787 0.176015239233921
0.211199999997866 0.219569864831765
0.211599999997862 0.299540831027516
0.211999999997859 0.216274284058465
0.212399999997854 0.151612072129345
0.21279999999785 0.139032282453623
0.213199999997846 0.20188343342613
0.213599999997842 0.15902843048031
0.213999999997838 0.189472399735604
0.214399999997834 0.250924362978133
0.214799999997829 0.209939888695988
0.215199999997826 0.199205246429489
0.215599999997822 0.232337803797492
0.215999999997818 0.210788957951616
0.216399999997814 0.213104513849862
0.216799999997809 0.207188670219547
0.217199999997805 0.180774733450746
0.217599999997802 0.240854626813966
0.217999999997798 0.257167214732878
0.218399999997793 0.236489886727047
0.21879999999779 0.07608379245408
