# Fix print output for fix out1
2.77645834891092e-16 -0.0125541728736829
0.000100000000000187 -0.0159353816248413
0.000200000000000236 0.00284735181111787
0.000300000000000145 0.0229814959701708
0.000400000000000194 0.0200583160447843
0.000500000000000242 0.00481942481113671
0.000600000000000152 -0.00357826484090007
0.0007000000000002 0.00818298068383873
0.000800000000000249 0.0236630793667661
0.000900000000000159 0.0302448393866938
0.00100000000000021 0.0325321564092741
0.00110000000000026 0.0348410853685809
0.00120000000000017 0.0462656121166463
0.00130000000000021 0.0680520851319141
0.00140000000000026 0.0352169310930049
0.00150000000000017 0.0266603322530021
0.00160000000000022 0.0569618420783586
0.00170000000000027 0.0731745412658906
0.00180000000000018 0.0735768390980597
0.00190000000000023 0.0451956492652814
0.00200000000000028 0.0281987337629677
0.00210000000000019 0.0197012819535135
0.00220000000000023 0.0504830665927595
0.00230000000000014 0.0991923008020824
0.00240000000000019 0.101332138639473
0.00250000000000024 0.0711598224521361
0.00260000000000015 0.0457488493054134
0.0027000000000002 0.0729429917298685
0.00280000000000025 0.0984712748824258
0.00290000000000016 0.108734558363485
0.0030000000000002 0.111931597165015
0.00310000000000025 0.0839375058004694
0.00320000000000016 0.0780439237476049
0.00330000000000021 0.11605754610589
0.00340000000000026 0.143478852812988
0.00350000000000017 0.093449182407942
0.00360000000000022 0.0638157097355289
0.00370000000000027 0.126046794094063
0.00380000000000018 0.144279368117501
0.00390000000000022 0.13139104442955
0.00400000000000027 0.131330033835859
0.00410000000000018 0.117632651446713
0.00420000000000023 0.107402094279408
0.00430000000000014 0.131100580347884
0.00440000000000019 0.146563922777207
0.00450000000000024 0.120119195220954
0.00460000000000015 0.151891692372832
0.0047000000000002 0.157032716692067
0.00480000000000024 0.127536834071997
0.00490000000000015 0.12503399570645
0.0050000000000002 0.172097337223442
0.00510000000000025 0.179794971223079
0.00520000000000016 0.16842660920195
0.00530000000000021 0.172824740030328
0.00540000000000026 0.149898312908621
0.00550000000000017 0.113788457743171
0.00560000000000022 0.169233180617079
0.00570000000000026 0.207823001041434
0.00580000000000017 0.200698298443739
0.00590000000000022 0.207694944792184
0.00600000000000027 0.194014958049937
0.00610000000000018 0.158558103653023
0.00620000000000023 0.157414006669231
0.00630000000000028 0.210332742200012
0.00640000000000019 0.220770706928746
0.00650000000000024 0.232858602726851
0.00660000000000015 0.229596063678618
0.00670000000000019 0.1756367134014
0.00680000000000024 0.159498506026638
0.00690000000000015 0.199585150082079
0.0070000000000002 0.241083151928553
0.00710000000000025 0.251962195913762
0.00720000000000016 0.257478628933093
0.00730000000000021 0.226138087479931
0.00740000000000026 0.190593548863146
0.00750000000000017 0.212600910116009
0.00760000000000021 0.273560933039725
0.00770000000000026 0.270267544824404
0.00780000000000017 0.251913380755374
0.00790000000000022 0.254138218622434
0.00800000000000027 0.226962753614142
0.00810000000000018 0.244375238399547
0.00820000000000023 0.270189325824729
0.00830000000000014 0.279469630396384
0.00840000000000019 0.284187301887725
0.00850000000000023 0.261620731654999
0.00860000000000014 0.225898694153896
0.00870000000000019 0.263798617334629
0.00880000000000024 0.285769175748907
0.00890000000000015 0.29086856849271
0.0090000000000002 0.288412771382494
0.00910000000000025 0.292511630900153
0.00920000000000016 0.289296373201462
0.00930000000000021 0.284744848744571
0.00940000000000025 0.269554319967105
0.00950000000000016 0.302939672403198
0.00960000000000021 0.332474781993243
0.00970000000000026 0.325723824752324
0.00980000000000017 0.303890863449883
0.00990000000000022 0.292633077969908
0.0100000000000003 0.31256709070234
0.0101000000000002 0.332707160755667
0.0102000000000002 0.316416764769684
0.0103000000000003 0.330547841038161
0.0104000000000002 0.36758011501608
0.0105000000000002 0.322617528400398
0.0106000000000001 0.347811019317469
0.0107000000000002 0.340255447498294
0.0108000000000002 0.343070687617247
0.0109000000000001 0.33959028154316
0.0110000000000002 0.36783116702194
0.0111000000000002 0.384339006895554
0.0112000000000002 0.363697575684807
0.0113000000000002 0.353555672477396
0.0114000000000003 0.370067420633978
0.0115000000000002 0.383604784012448
0.0116000000000002 0.371154448999457
0.0117000000000003 0.372237357179562
0.0118000000000002 0.385427776754337
0.0119000000000002 0.399853495439049
0.0120000000000003 0.389318765893616
0.0121000000000002 0.382169096602223
0.0122000000000002 0.407187911298638
0.0123000000000003 0.439581347964852
0.0124000000000002 0.387158912143749
0.0125000000000002 0.376209824702134
0.0126000000000003 0.401520540055399
0.0127000000000002 0.421054665868152
0.0128000000000002 0.423871275975357
0.0129000000000001 0.429848882131222
0.0130000000000002 0.413571193527822
0.0131000000000002 0.393537538690488
0.0132000000000002 0.429816922953562
0.0133000000000002 0.454037517206884
0.0134000000000002 0.437116421249127
0.0135000000000002 0.431141493609693
0.0136000000000002 0.445490601759972
0.0137000000000003 0.434104982957009
0.0138000000000002 0.441279238044886
0.0139000000000002 0.465035702730767
0.0140000000000003 0.462164927688228
0.0141000000000002 0.453562648725098
0.0142000000000002 0.444165161481155
0.0143000000000003 0.480897472886578
0.0144000000000002 0.486227474913524
0.0145000000000002 0.474837204930333
0.0146000000000001 0.486855131512828
0.0147000000000002 0.477622646245283
0.0148000000000002 0.469697653343197
0.0149000000000003 0.493862276612123
0.0150000000000002 0.541236489923745
0.0151000000000002 0.523935551351623
0.0152000000000001 0.469145204971815
0.0153000000000002 0.465222848810086
0.0154000000000002 0.506878737014033
0.0155000000000002 0.52143665047405
0.0156000000000002 0.536300763257667
0.0157000000000003 0.543386400213858
0.0158000000000002 0.522131292321004
0.0159000000000002 0.47995979941481
0.0160000000000003 0.485455283165705
0.0161000000000002 0.541817493957148
0.0162000000000002 0.545036986144421
0.0163000000000003 0.545514042364338
0.0164000000000002 0.563097242541546
0.0165000000000002 0.555612173208987
0.0166000000000003 0.527125829889077
0.0167000000000002 0.52357718083391
0.0168000000000002 0.562826169286047
0.0169000000000001 0.591584723505303
0.0170000000000002 0.592446572615034
0.0171000000000002 0.603559009227029
0.0172000000000001 0.579453369762394
0.0173000000000002 0.5558218779174
0.0174000000000002 0.573537602617489
0.0175000000000002 0.576443649652312
0.0176000000000002 0.59160623532597
0.0177000000000003 0.619117246421047
0.0178000000000002 0.609694604966512
0.0179000000000002 0.5771479846781
0.0180000000000003 0.57120045039579
0.0181000000000002 0.593457078215171
0.0182000000000002 0.646842308518027
0.0183000000000003 0.684559110045295
0.0184000000000002 0.633392038667016
0.0185000000000002 0.576244026768276
0.0186000000000003 0.580421865677978
0.0187000000000002 0.636684939285318
0.0188000000000002 0.684745151910486
0.0189000000000003 0.670837354985955
0.0190000000000002 0.634498446000772
0.0191000000000002 0.613425207896537
0.0192000000000001 0.619731444580886
0.0193000000000002 0.643493453183102
0.0194000000000002 0.687283717089553
0.0195000000000002 0.68965254100542
0.0196000000000002 0.661752803599589
0.0197000000000002 0.626236116306292
0.0198000000000002 0.633953929502363
0.0199000000000002 0.687715330256838
0.0200000000000003 0.721031840357509
0.0201000000000002 0.719555780109913
0.0202000000000002 0.695101708099534
0.0203000000000003 0.668575796432692
0.0204000000000002 0.676318883287358
0.0205000000000002 0.72590310189675
0.0206000000000003 0.717418456553374
0.0207000000000002 0.698963579546432
0.0208000000000002 0.701801261257301
0.0209000000000001 0.693368340071579
0.0210000000000002 0.694725338002182
0.0211000000000002 0.726998953993351
0.0212000000000003 0.75116306130122
0.0213000000000002 0.784826493738095
0.0214000000000002 0.764993175437806
0.0215000000000002 0.711413190505143
0.0216000000000002 0.689773868280725
0.0217000000000002 0.7411573275729
0.0218000000000002 0.782448476597395
0.0219000000000002 0.777845704331683
0.0220000000000003 0.747756957476678
0.0221000000000002 0.751546442252185
0.0222000000000002 0.767169290121259
0.0223000000000003 0.767905598948018
0.0224000000000002 0.76034640360862
0.0225000000000002 0.771307922313581
0.0226000000000003 0.809722482231327
0.0227000000000002 0.804030780217297
0.0228000000000002 0.768906234055926
0.0229000000000003 0.764620889499165
0.0230000000000002 0.791496522845126
0.0231000000000002 0.807181121221938
0.0232000000000001 0.814250268388155
0.0233000000000002 0.833697015437338
0.0234000000000002 0.791953511078826
0.0235000000000003 0.771129961397709
0.0236000000000002 0.82070205261517
0.0237000000000002 0.851903240480874
0.0238000000000002 0.827676019595261
0.0239000000000002 0.82858378639738
0.0240000000000003 0.830547319704666
0.0241000000000002 0.847761302267734
0.0242000000000002 0.845284559641509
0.0243000000000003 0.876709537811042
0.0244000000000002 0.854360381852678
0.0245000000000002 0.839032850311024
0.0246000000000003 0.856905720255373
0.0247000000000002 0.862835990290126
0.0248000000000002 0.860140269324575
0.0249000000000003 0.867912830385508
0.0250000000000002 0.87729888072926
0.0251000000000002 0.88337071685002
0.0252000000000003 0.891171283548224
0.0253000000000002 0.884211759962238
0.0254000000000002 0.868126456471875
0.0255000000000001 0.881874879605589
0.0256000000000002 0.889406489727864
0.0257000000000002 0.874733189375294
0.0258000000000002 0.923324112802963
0.0259000000000002 0.950021485731347
0.0260000000000002 0.900738044306143
0.0261000000000002 0.881818640540938
0.0262000000000002 0.893799376949195
0.0263000000000003 0.928273219215046
0.0264000000000002 0.950925166474486
0.0265000000000002 0.945292971299695
0.0266000000000003 0.929310405163193
0.0267000000000002 0.944425476393915
0.0268000000000002 0.965840918151077
0.0269000000000003 0.954998250581156
0.0270000000000002 0.965070146507271
0.0271000000000002 0.986867832501428
0.0272000000000001 0.943015017542624
0.0273000000000002 0.933308727410006
0.0274000000000002 0.955417938806805
0.0275000000000003 0.973411370413514
0.0276000000000002 0.986541371136846
0.0277000000000002 1.00425184270098
0.0278000000000002 0.992280790688913
0.0279000000000002 0.982324911297004
0.0280000000000002 0.998541909454502
0.0281000000000002 0.99759296610682
0.0282000000000002 0.984885143371729
0.0283000000000003 1.03530206197491
0.0284000000000002 1.04967482191926
0.0285000000000002 1.02185354387597
0.0286000000000003 0.997818384841429
0.0287000000000002 1.00554668117908
0.0288000000000002 1.02009669406142
0.0289000000000003 1.05271708812281
0.0290000000000002 1.06757551990931
0.0291000000000002 1.02702575823008
0.0292000000000003 1.0276948574271
0.0293000000000002 1.05575072915148
0.0294000000000002 1.08406876849134
0.0295000000000001 1.08401216411523
0.0296000000000002 1.03739554150792
0.0297000000000002 1.02128641221685
0.0298000000000003 1.05634257557265
0.0299000000000002 1.10810752935502
0.0300000000000002 1.11574694156633
0.0301000000000002 1.08828162387633
0.0302000000000002 1.09211689476957
0.0303000000000003 1.0905956170432
0.0304000000000002 1.07084744155987
0.0305000000000002 1.0928955393574
0.0306000000000003 1.11206063836217
0.0307000000000002 1.11374226056214
0.0308000000000002 1.09348872162521
0.0309000000000003 1.12061344298517
0.0310000000000002 1.14516098062013
0.0311000000000002 1.09498631278624
0.0312000000000003 1.0994312175592
0.0313000000000002 1.13510628630649
0.0314000000000002 1.15380423516613
0.0315000000000003 1.1286922759162
0.0316000000000002 1.10189429979396
0.0317000000000002 1.11979039053412
0.0318000000000001 1.17768467448423
0.0319000000000002 1.20233206635778
0.0320000000000002 1.15173829300759
0.0321000000000001 1.12322587697574
0.0322000000000002 1.15588463953785
0.0323000000000003 1.1993195007664
0.0324000000000002 1.18742859234468
0.0325000000000002 1.16685193632163
0.0326000000000003 1.17790995532681
0.0327000000000002 1.1633428044765
0.0328000000000002 1.15845840215431
0.0329000000000003 1.20241380607991
0.0330000000000002 1.22296041156846
0.0331000000000002 1.19273445503034
0.0332000000000003 1.18580925208115
0.0333000000000002 1.21897914444076
0.0334000000000002 1.20540942799474
0.0335000000000001 1.20925302883097
0.0336000000000002 1.24103861912789
0.0337000000000002 1.21588569364087
0.0338000000000003 1.22798231822987
0.0339000000000002 1.25262056871961
0.0340000000000002 1.25699801589893
0.0341000000000002 1.25177129642116
0.0342000000000002 1.21951518430477
0.0343000000000002 1.23648236163458
0.0344000000000002 1.27492768438779
0.0345000000000002 1.29304244093484
0.0346000000000003 1.26699856111272
0.0347000000000002 1.26139943258188
0.0348000000000002 1.26175085014236
0.0349000000000003 1.27051649149585
0.0350000000000002 1.29200668755311
0.0351000000000002 1.30570147450738
0.0352000000000003 1.30811115155827
0.0353000000000002 1.29857638580319
0.0354000000000002 1.28345151897057
0.0355000000000003 1.29292943899821
0.0356000000000002 1.3056036264587
0.0357000000000002 1.34048136103638
0.0358000000000001 1.34748029212248
0.0359000000000002 1.31926456315161
0.0360000000000002 1.30219736622837
0.0361000000000003 1.30646292516472
0.0362000000000002 1.31741206650692
0.0363000000000002 1.36120669203358
0.0364000000000002 1.34497095806359
0.0365000000000002 1.32409978653549
0.0366000000000003 1.3247862807432
0.0367000000000002 1.34540875786016
0.0368000000000002 1.35171139585154
0.0369000000000003 1.38224336731623
0.0370000000000002 1.40421469770038
0.0371000000000002 1.35220684991827
0.0372000000000003 1.34434594845854
0.0373000000000002 1.38010587450128
0.0374000000000002 1.38740699920217
0.0375000000000003 1.40654105190718
0.0376000000000002 1.4199596558356
0.0377000000000002 1.40978663481866
0.0378000000000003 1.37989373387084
0.0379000000000002 1.38478802785633
0.0380000000000002 1.40521928994894
0.0381000000000001 1.43891641085729
0.0382000000000002 1.4466540915559
0.0383000000000002 1.42663356560376
0.0384000000000003 1.4326341906104
0.0385000000000002 1.41430847448931
0.0386000000000002 1.41853604123837
0.0387000000000002 1.45837629743291
0.0388000000000002 1.48322789223515
0.0389000000000003 1.47122378674922
0.0390000000000002 1.45196104236321
0.0391000000000002 1.42968706774814
0.0392000000000003 1.4540189850995
0.0393000000000002 1.48053707423272
0.0394000000000002 1.48455709825253
0.0395000000000003 1.47746697186933
0.0396000000000002 1.49452981178615
0.0397000000000002 1.48287405372614
0.0398000000000001 1.47438852861791
0.0399000000000002 1.49041686495524
0.0400000000000002 1.50902669894862
0.0401000000000003 1.51992178640859
0.0402000000000002 1.53112915889265
0.0403000000000002 1.52337023408834
0.0404000000000002 1.4895731636393
0.0405000000000002 1.4891662731106
0.0406000000000002 1.50461168692216
0.0407000000000002 1.53403255659557
0.0408000000000002 1.55413052580752
0.0409000000000003 1.53329748787244
0.0410000000000002 1.52512469155645
0.0411000000000002 1.54348276321959
0.0412000000000003 1.53290772282689
0.0413000000000002 1.56957855586044
0.0414000000000002 1.59373067253662
0.0415000000000003 1.56682554454621
0.0416000000000002 1.53927418533803
0.0417000000000002 1.55293789274908
0.0418000000000003 1.57348296354551
0.0419000000000002 1.58527616376986
0.0420000000000002 1.60178607703256
0.0421000000000001 1.62509130946084
0.0422000000000002 1.60744049485183
0.0423000000000002 1.5572960356532
0.0424000000000003 1.59123725744138
0.0425000000000002 1.61878789383295
0.0426000000000002 1.61564056251118
0.0427000000000002 1.63680252330082
0.0428000000000002 1.63023866207274
0.0429000000000003 1.61897170594649
0.0430000000000002 1.61932753984826
0.0431000000000002 1.62065504148224
0.0432000000000003 1.64115362985226
0.0433000000000002 1.69004982329629
0.0434000000000002 1.69629657886062
0.0435000000000003 1.64566291305425
0.0436000000000002 1.60290188772424
0.0437000000000002 1.64754018628057
0.0438000000000003 1.65810268244456
0.0439000000000002 1.68499618876206
0.0440000000000002 1.69501018824063
0.0441000000000003 1.68192948114594
0.0442000000000002 1.68185150215962
0.0443000000000002 1.6826546170742
0.0444000000000001 1.69180320427743
0.0445000000000002 1.69165392149736
0.0446000000000002 1.70735129188129
0.0447000000000003 1.72169810778036
0.0448000000000002 1.70383323715711
0.0449000000000002 1.69145510701493
0.0450000000000002 1.7352439100827
0.0451000000000002 1.75602803887508
0.0452000000000003 1.74527701012246
0.0453000000000002 1.72354497700522
0.0454000000000002 1.71280299870583
0.0455000000000003 1.73948752598261
0.0456000000000002 1.77723521600634
0.0457000000000002 1.78341337878757
0.0458000000000003 1.74857358452214
0.0459000000000002 1.74463576975188
0.0460000000000002 1.74654463330884
0.0461000000000001 1.77189530336244
0.0462000000000002 1.77259345070252
0.0463000000000002 1.79829868587023
0.0464000000000003 1.81927397283086
0.0465000000000002 1.79899354541584
0.0466000000000002 1.76738139835042
0.0467000000000002 1.79332291692794
0.0468000000000002 1.84122559984326
0.0469000000000002 1.8234184488568
0.0470000000000003 1.7892009217376
0.0471000000000002 1.81029348345395
0.0472000000000003 1.79938202315194
0.0473000000000002 1.79052537612346
0.0474000000000002 1.85631305616716
0.0475000000000003 1.88986552611308
0.0476000000000002 1.86280178763044
0.0477000000000002 1.81367504450925
0.0478000000000001 1.82770150290028
0.0479000000000002 1.84759873353281
0.0480000000000002 1.86350323619167
0.0481000000000003 1.88141098995841
0.0482000000000002 1.8921580265055
0.0483000000000002 1.87374051078562
0.0484000000000001 1.86157716034039
0.0485000000000002 1.88037260115839
0.0486000000000002 1.90605488487019
0.0487000000000003 1.90776473851055
0.0488000000000002 1.90074475076172
0.0489000000000002 1.90023958810529
0.0490000000000002 1.86966792742028
0.0491000000000002 1.88237227934803
0.0492000000000003 1.92364139380363
0.0493000000000002 1.94935806386746
0.0494000000000002 1.93178475377573
0.0495000000000003 1.91815161427555
0.0496000000000002 1.91854561019263
0.0497000000000002 1.920430420599
0.0498000000000003 1.90705222920043
0.0499000000000002 1.94574661499842
0.0500000000000002 1.9963195418384
0.0501000000000003 1.9923549856562
0.0502000000000002 1.94144276464278
0.0503000000000002 1.92868743857177
0.0504000000000003 1.94926180829037
0.0505000000000002 1.96312907822321
0.0506000000000002 1.99939471506985
0.0507000000000001 2.0084996376657
0.0508000000000002 1.97774884017709
0.0509000000000002 1.96716716281456
0.0510000000000003 1.97443511415865
0.0511000000000002 1.9808901451409
0.0512000000000002 2.01415948013866
0.0513000000000002 2.00539746536889
0.0514000000000002 2.01655357936574
0.0515000000000003 2.04212470111459
0.0516000000000002 2.02028065602043
0.0517000000000002 1.99248151197281
0.0518000000000003 2.02194841771321
0.0519000000000002 2.06692483167122
0.0520000000000002 2.07693511345572
0.0521000000000003 2.04149949138603
0.0522000000000002 2.02289318428312
0.0523000000000002 2.03325521260202
0.0524000000000001 2.08540781099714
0.0525000000000002 2.1118522059993
0.0526000000000002 2.07656997217891
0.0527000000000003 2.0139202765498
0.0528000000000002 2.04739683871814
0.0529000000000002 2.10008555993632
0.0530000000000002 2.12533411556147
0.0531000000000002 2.11216593967099
0.0532000000000002 2.09240870149202
0.0533000000000003 2.08641238046743
0.0534000000000002 2.09427378221957
0.0535000000000003 2.10980655234093
0.0536000000000002 2.14539778734474
0.0537000000000002 2.1580865658331
0.0538000000000003 2.12088670913773
0.0539000000000002 2.10072944508005
0.0540000000000002 2.12558599860354
0.0541000000000003 2.14778136431278
0.0542000000000002 2.13335727961421
0.0543000000000002 2.14022066188488
0.0544000000000003 2.16008148415499
0.0545000000000002 2.17840180140052
0.0546000000000002 2.15327611375547
0.0547000000000001 2.13500314999726
0.0548000000000002 2.17357162386571
0.0549000000000002 2.20752162934
0.0550000000000003 2.1873731359223
0.0551000000000002 2.18165080101687
0.0552000000000002 2.20394366573021
0.0553000000000002 2.21113998680214
0.0554000000000002 2.20146133386616
0.0555000000000003 2.19804967829452
0.0556000000000002 2.21805029775338
0.0557000000000002 2.23576482773908
0.0558000000000003 2.22224916627329
0.0559000000000002 2.21438966612203
0.0560000000000002 2.21164364951004
0.0561000000000003 2.25040331050183
0.0562000000000002 2.26377731673077
0.0563000000000002 2.27391082661002
0.0564000000000003 2.27818005689948
0.0565000000000002 2.26011143955947
0.0566000000000002 2.2438666530825
0.0567000000000003 2.26080867764479
0.0568000000000002 2.28167605879345
0.0569000000000002 2.30745863995855
0.0570000000000001 2.29566713590912
0.0571000000000002 2.27532485011786
0.0572000000000002 2.2671670161427
0.0573000000000003 2.27589014565341
0.0574000000000002 2.32099806570142
0.0575000000000002 2.35185743499521
0.0576000000000002 2.32899966047642
0.0577000000000002 2.29433248976942
0.0578000000000003 2.30166819731964
0.0579000000000002 2.32340107612269
0.0580000000000002 2.33884392368342
0.0581000000000003 2.34446944016395
0.0582000000000002 2.33315620855039
0.0583000000000002 2.34280665327887
0.0584000000000003 2.35353135965008
0.0585000000000002 2.35120950566847
0.0586000000000002 2.36192359621555
0.0587000000000001 2.36273126312208
0.0588000000000002 2.35336081133179
0.0589000000000002 2.34745496508527
0.0590000000000003 2.38382503066341
0.0591000000000002 2.40471396363213
0.0592000000000002 2.40070256970217
0.0593000000000002 2.37300778579192
0.0594000000000002 2.37711064307748
0.0595000000000002 2.3857482231774
0.0596000000000003 2.39681636070932
0.0597000000000002 2.42857940270149
0.0598000000000003 2.43924496739195
0.0599000000000002 2.40083668545379
0.0600000000000002 2.39600154305483
0.0601000000000003 2.43539856586063
0.0602000000000002 2.47332400464924
0.0603000000000002 2.44695731830783
0.0604000000000001 2.42978433224519
0.0605000000000002 2.44542815700692
0.0606000000000002 2.4513384457335
0.0607000000000003 2.45847763883458
0.0608000000000002 2.47377050873255
0.0609000000000002 2.47044191292233
0.0610000000000001 2.46213092389699
0.0611000000000002 2.48801206273773
0.0612000000000002 2.48546587779657
0.0613000000000003 2.50361610306737
0.0614000000000002 2.48620670211384
0.0615000000000002 2.46302084609456
0.0616000000000002 2.48796810115617
0.0617000000000002 2.53737554832182
0.0618000000000003 2.56800348867673
0.0619000000000003 2.53567357592803
0.0620000000000002 2.49913649160916
0.0621000000000003 2.4949401773818
0.0622000000000002 2.55191535639482
0.0623000000000002 2.5620085585491
0.0624000000000003 2.53641285143911
0.0625000000000002 2.507737730999
0.0626000000000002 2.52334639610557
0.0627000000000001 2.55716160798875
0.0628000000000002 2.59413508038501
0.0629000000000002 2.57871561454455
0.0630000000000003 2.57854931204409
0.0631000000000002 2.57342127623035
0.0632000000000002 2.55696475746751
0.0633000000000001 2.58434849290881
0.0634000000000002 2.58621746927628
0.0635000000000002 2.5859617073784
0.0636000000000003 2.59731372205754
0.0637000000000002 2.61688172689339
0.0638000000000002 2.62299080431288
0.0639000000000002 2.59394565440876
0.0640000000000002 2.59544705789918
0.0641000000000003 2.64878918824743
0.0642000000000002 2.68213191386876
0.0643000000000002 2.63659974067508
0.0644000000000003 2.59489306005369
0.0645000000000002 2.60900940329308
0.0646000000000002 2.66267214871828
0.0647000000000003 2.66995611427613
0.0648000000000002 2.67639012213985
0.0649000000000002 2.63145396320313
0.0650000000000001 2.62041070909805
0.0651000000000002 2.66176708024195
0.0652000000000002 2.70035693170359
0.0653000000000003 2.69011149917362
0.0654000000000002 2.66539621979524
0.0655000000000002 2.68899758444138
0.0656000000000001 2.6819087219058
0.0657000000000002 2.68466201037663
0.0658000000000002 2.70177453216479
0.0659000000000003 2.72201747079645
0.0660000000000002 2.75305232086898
0.0661000000000003 2.71553915601202
0.0662000000000002 2.69373341626914
0.0663000000000002 2.71533605624822
0.0664000000000003 2.73956980482395
0.0665000000000002 2.73620105126914
0.0666000000000002 2.73346850896789
0.0667000000000001 2.74205321732685
0.0668000000000002 2.7587878258642
0.0669000000000002 2.74709840096045
0.0670000000000003 2.76785874701206
0.0671000000000002 2.76227673242114
0.0672000000000002 2.7494269580438
0.0673000000000001 2.76983821252857
0.0674000000000002 2.78314160272232
0.0675000000000002 2.79664709583661
0.0676000000000003 2.82310299276991
0.0677000000000002 2.81460489292298
0.0678000000000002 2.76916907748932
0.0679000000000002 2.76867639246276
0.0680000000000002 2.81022505459399
0.0681000000000002 2.8227981315686
0.0682000000000003 2.82642427551168
0.0683000000000002 2.8061680496595
0.0684000000000003 2.82986842516339
0.0685000000000002 2.84691955825847
0.0686000000000002 2.86018682749994
0.0687000000000003 2.85734593912361
0.0688000000000002 2.8315345342461
0.0689000000000002 2.82459425940203
0.0690000000000003 2.86000474785989
0.0691000000000002 2.8924676867835
0.0692000000000002 2.89371469619439
0.0693000000000003 2.8698474040425
0.0694000000000002 2.86394559916923
0.0695000000000002 2.86929131129788
0.0696000000000001 2.89302824876659
0.0697000000000002 2.90220244243022
0.0698000000000002 2.91033630117814
0.0699000000000003 2.91697406247002
0.0700000000000002 2.94245911262922
0.0701000000000002 2.92962812864911
0.0702000000000002 2.88094577728773
0.0703000000000002 2.89213554138808
0.0704000000000003 2.93119812703872
0.0705000000000002 2.9592989046267
0.0706000000000002 2.95847534745695
0.0707000000000003 2.94384133414752
0.0708000000000002 2.94869862730897
0.0709000000000002 2.92901821608493
0.0710000000000003 2.9492985387272
0.0711000000000002 2.98143866655565
0.0712000000000002 2.9927307759229
0.0713000000000001 3.00432024645512
0.0714000000000002 2.96362495906771
0.0715000000000002 2.93058313671162
0.0716000000000003 2.97984580436282
0.0717000000000002 3.01686418362385
0.0718000000000002 3.01623435219288
0.0719000000000001 2.9949142246936
0.0720000000000002 2.99775680525213
0.0721000000000002 2.99038114784539
0.0722000000000003 3.01198279503661
0.0723000000000002 3.0247352299939
0.0724000000000003 3.03645741780814
0.0725000000000002 3.03732175224759
0.0726000000000002 3.04956210090612
0.0727000000000003 3.04674297037847
0.0728000000000002 3.01953576529872
0.0729000000000002 3.03403144218597
0.0730000000000001 3.06035568666631
0.0731000000000002 3.0860565323401
0.0732000000000002 3.09344896597673
0.0733000000000003 3.07026723139107
0.0734000000000002 3.04654524537287
0.0735000000000002 3.07306577208763
0.0736000000000001 3.1018585602991
0.0737000000000002 3.10927406763874
0.0738000000000002 3.10739431274112
0.0739000000000003 3.1223301161618
0.0740000000000002 3.09313616382797
0.0741000000000002 3.09586312971566
0.0742000000000002 3.10876367886089
0.0743000000000002 3.11674872463825
0.0744000000000002 3.12198372013673
0.0745000000000003 3.13692044843151
0.0746000000000002 3.12792615933944
0.0747000000000003 3.13438293403936
0.0748000000000002 3.13872586470211
0.0749000000000002 3.14128845082442
0.0750000000000003 3.1508199237798
0.0751000000000003 3.16857042028601
0.0752000000000002 3.16025444659758
0.0753000000000001 3.15394656349522
0.0754000000000002 3.15698546237027
0.0755000000000002 3.16042654337084
0.0756000000000003 3.17088175377366
0.0757000000000002 3.17770095147345
0.0758000000000002 3.1644066125281
0.0759000000000001 3.17017439113273
0.0760000000000002 3.18290673974032
0.0761000000000002 3.18134766538324
0.0762000000000003 3.18711307288823
0.0763000000000002 3.19838110519575
0.0764000000000002 3.21072520940219
0.0765000000000002 3.18043771526138
0.0766000000000002 3.13057242927736
0.0767000000000003 3.13034115780287
0.0768000000000003 3.15834244160245
0.0769000000000002 3.14032370844676
0.0770000000000003 3.11373078325113
0.0771000000000002 3.08890677895551
0.0772000000000002 3.09129716592439
0.0773000000000003 3.06595399285653
0.0774000000000002 3.03370590688911
0.0775000000000002 3.01981042388319
0.0776000000000001 3.01465206004709
0.0777000000000002 2.95932371395352
0.0778000000000002 2.91867805875478
0.0779000000000003 2.91906404603001
0.0780000000000002 2.90505165218135
0.0781000000000002 2.83412830804335
0.0782000000000001 2.80444529018685
0.0783000000000002 2.78999769948581
0.0784000000000002 2.77107273692591
0.0785000000000003 2.73346418101866
0.0786000000000002 2.68225397086246
0.0787000000000003 2.6353350951835
0.0788000000000002 2.61392582986527
0.0789000000000002 2.60280379526409
0.0790000000000003 2.56821306584487
0.0791000000000002 2.53641167668499
0.0792000000000002 2.46970018131059
0.0793000000000001 2.44465247386561
0.0794000000000002 2.42884444591188
0.0795000000000002 2.39857660975574
0.0796000000000003 2.38758649836674
0.0797000000000002 2.37925839182763
0.0798000000000002 2.33615092691301
0.0799000000000001 2.30350321894081
0.0800000000000002 2.29295123934755
0.0801000000000002 2.26036308448651
0.0802000000000003 2.22781411337331
0.0803000000000002 2.19728195261848
0.0804000000000002 2.14781943869909
0.0805000000000002 2.15897078041428
0.0806000000000002 2.16309531758894
0.0807000000000002 2.12027017330575
0.0808000000000003 2.09861534093446
0.0809000000000002 2.09025689758534
0.0810000000000003 2.09927711915423
0.0811000000000002 2.08449284283382
0.0812000000000002 2.05475895582558
0.0813000000000003 2.03124720941189
0.0814000000000002 1.99777518323405
0.0815000000000002 1.97543011046287
0.0816000000000003 1.99565886695451
0.0817000000000002 1.95519988681862
0.0818000000000002 1.92074430425571
0.0819000000000003 1.92071274046471
0.0820000000000002 1.92228702421931
0.0821000000000002 1.87825905584019
0.0822000000000001 1.84919047350123
0.0823000000000002 1.84403660787196
0.0824000000000002 1.83884576543974
0.0825000000000003 1.79887749950867
0.0826000000000002 1.76778237511514
0.0827000000000002 1.75208378181614
0.0828000000000002 1.74506941937234
0.0829000000000002 1.80679741337615
0.0830000000000003 1.74598372610818
0.0831000000000003 1.67542027676943
0.0832000000000002 1.65165635552705
0.0833000000000003 1.67220441450196
0.0834000000000002 1.66734827127793
0.0835000000000002 1.66453145911019
0.0836000000000003 1.66069879888625
0.0837000000000003 1.56790605784498
0.0838000000000002 1.5284505597531
0.0839000000000001 1.53873022762084
0.0840000000000002 1.57821647986844
0.0841000000000002 1.59067304299553
0.0842000000000003 1.57522354537269
0.0843000000000002 1.49979779770469
0.0844000000000002 1.4904749905855
0.0845000000000001 1.52190996122574
0.0846000000000002 1.53421414459069
0.0847000000000002 1.52814654242815
0.0848000000000003 1.56410267405957
0.0849000000000002 1.62345392741755
0.0850000000000003 1.66317668769345
0.0851000000000002 1.69511085129995
0.0852000000000002 1.7278040969114
0.0853000000000003 1.8133907912807
0.0854000000000003 1.87795033507212
0.0855000000000002 1.8893925012147
0.0856000000000001 1.89713653104158
0.0857000000000002 1.9377817628568
0.0858000000000002 1.99032832447024
0.0859000000000003 1.99067858428008
0.0860000000000002 1.9880283276333
0.0861000000000002 2.01751688227299
0.0862000000000001 2.07241737116215
0.0863000000000002 2.07205667922519
0.0864000000000002 2.09539566610721
0.0865000000000003 2.09798503719445
0.0866000000000002 2.14416390090243
0.0867000000000002 2.14307265288337
0.0868000000000002 2.14278516377448
0.0869000000000002 2.17717918169667
0.0870000000000002 2.19597320947102
0.0871000000000003 2.18033591257339
0.0872000000000002 2.17695908260895
0.0873000000000001 2.20964992434175
0.0874000000000002 2.20888149504623
0.0875000000000002 2.19757877331618
0.0876000000000003 2.21360697044152
0.0877000000000002 2.19072268040636
0.0878000000000002 2.14824334556286
0.0879000000000001 2.13904484188156
0.0880000000000002 2.13087984409073
0.0881000000000002 2.11217141202248
0.0882000000000003 2.11946055674174
0.0883000000000002 2.13109184880037
0.0884000000000002 2.13489791948891
0.0885000000000001 2.10426532738734
0.0886000000000002 2.11065404136274
0.0887000000000002 2.12677624938723
0.0888000000000003 2.10801975021743
0.0889000000000002 2.08675008432971
0.0890000000000002 2.08465132705569
0.0891000000000002 2.03841867787242
0.0892000000000002 2.03620182588684
0.0893000000000003 2.05170437283985
0.0894000000000003 2.07039827054804
0.0895000000000002 2.08375236080362
0.0896000000000003 2.07217554563556
0.0897000000000002 2.07104397287577
0.0898000000000002 2.07651197904135
0.0899000000000003 2.11482041063064
0.0900000000000002 2.12162649550653
0.0901000000000002 2.11909561156494
0.0902000000000001 2.10014613897482
0.0903000000000002 2.13555988915956
0.0904000000000002 2.17725551465854
0.0905000000000003 2.19041305239566
0.0906000000000002 2.18978522127707
0.0907000000000002 2.19083023997015
0.0908000000000001 2.20384769475699
0.0909000000000002 2.19106766725719
0.0910000000000002 2.20117805965537
0.0911000000000003 2.23244144565593
0.0912000000000002 2.24043643849854
0.0913000000000003 2.21807525887551
0.0914000000000002 2.18732494460993
0.0915000000000002 2.18135775878957
0.0916000000000003 2.21605375994278
0.0917000000000002 2.2564332521018
0.0918000000000002 2.23342416960928
0.0919000000000001 2.21367023918643
0.0920000000000002 2.22410654266802
0.0921000000000002 2.23880115532365
0.0922000000000003 2.21987558398416
0.0923000000000002 2.2386349182056
0.0924000000000002 2.26041378306947
0.0925000000000001 2.24109685195815
0.0926000000000002 2.24707964210081
0.0927000000000002 2.28593989964714
0.0928000000000003 2.26436085425916
0.0929000000000002 2.25740634213987
0.0930000000000002 2.27963379733513
0.0931000000000002 2.2934770719941
0.0932000000000002 2.28404511385148
0.0933000000000002 2.3145265463951
0.0934000000000003 2.36035596157353
0.0935000000000002 2.32800907044411
0.0936000000000001 2.31633668712284
0.0937000000000002 2.3679038506369
0.0938000000000002 2.36136637598788
0.0939000000000003 2.33529904361618
0.0940000000000003 2.37329937302221
0.0941000000000002 2.39459174118148
0.0942000000000001 2.35663012410779
0.0943000000000002 2.3210135281762
0.0944000000000002 2.36190095833509
0.0945000000000003 2.39327692844913
0.0946000000000002 2.35525124945946
0.0947000000000002 2.35253017573538
0.0948000000000001 2.40620230938638
0.0949000000000002 2.4062949153969
0.0950000000000002 2.37861318376386
0.0951000000000003 2.38389389723986
0.0952000000000002 2.42157660776619
0.0953000000000001 2.43650318665542
0.0954000000000002 2.41266751734245
0.0955000000000002 2.40810570803929
0.0956000000000003 2.43064157560939
0.0957000000000003 2.44665426483166
0.0958000000000002 2.48427998004901
0.0959000000000003 2.4877519631122
0.0960000000000002 2.47464564019703
0.0961000000000002 2.46658789566678
0.0962000000000003 2.47449273862124
0.0963000000000002 2.54093194154587
0.0964000000000002 2.56294285927699
0.0965000000000001 2.51161038313225
0.0966000000000002 2.50511040638952
0.0967000000000002 2.51717592758801
0.0968000000000003 2.52225565955919
0.0969000000000002 2.53626042123136
0.0970000000000002 2.54650234310723
0.0971000000000001 2.53943281604219
0.0972000000000002 2.54187854506514
0.0973000000000002 2.5315720116147
0.0974000000000003 2.53559437484456
0.0975000000000002 2.5485187084832
0.0976000000000003 2.60450292656886
0.0977000000000002 2.58424832705976
0.0978000000000002 2.53443202207177
0.0979000000000003 2.54449622506969
0.0980000000000003 2.60721512074834
0.0981000000000002 2.60866399657853
0.0982000000000001 2.60571384817167
0.0983000000000002 2.598928324093
0.0984000000000002 2.60122217146651
0.0985000000000003 2.62670562974503
0.0986000000000002 2.61959930854608
0.0987000000000002 2.64415478899494
0.0988000000000001 2.65113621326079
0.0989000000000002 2.62303739014357
0.0990000000000002 2.61327820742955
0.0991000000000003 2.63178133522478
0.0992000000000002 2.66345064763011
0.0993000000000002 2.69085343336656
0.0994000000000002 2.72823018932014
0.0995000000000002 2.72920029926886
0.0996000000000002 2.67390213091153
0.0997000000000003 2.66840344605066
0.0998000000000002 2.7102034178034
0.0999000000000001 2.75416784546431
0.1 2.75105475055616
0.1001 2.70303071881412
0.1002 2.69737775901963
0.1003 2.74411431510065
0.1004 2.7680344367642
0.1005 2.75303300332497
0.1006 2.75995530177216
0.1007 2.75752051593504
0.1008 2.7348200425676
0.1009 2.74936815352419
0.101 2.7881054852612
0.1011 2.79232778135703
0.1012 2.78194877984794
0.1013 2.76024143788885
0.1014 2.76692995228787
0.1015 2.77811172805264
0.1016 2.81998943559071
0.1017 2.83716186710718
0.1018 2.77772725611956
0.1019 2.78238030617572
0.102 2.83343729532083
0.1021 2.8586048029234
0.1022 2.86778587335086
0.1023 2.84923212799075
0.1024 2.8415720475122
0.1025 2.85487419561179
0.1026 2.86497648857793
0.1027 2.90203075091583
0.1028 2.92269239388403
0.1029 2.90526384915525
0.103 2.87433444135156
0.1031 2.88987354767053
0.1032 2.9201490775148
0.1033 2.91761235142391
0.1034 2.92171351629812
0.1035 2.95524267033381
0.1036 2.9422531599132
0.1037 2.91870401576283
0.1038 2.92014116527273
0.1039 2.96118876099142
0.104 2.94665557332523
0.1041 2.97370012668958
0.1042 2.95669365378474
0.1043 2.96733053456972
0.1044 2.94882108633746
0.1045 2.95387200218016
0.1046 2.99401590859649
0.1047 3.01286425242973
0.1048 2.98526458193977
0.1049 2.97340895966444
0.105 3.02899576607947
0.1051 3.03517469549659
0.1052 2.99073029227403
0.1053 2.9895815785164
0.1054 3.04874559982615
0.1055 3.0665093915783
0.1056 3.06076838650619
0.1057 3.02633762036077
0.1058 3.03466472028812
0.1059 3.05191785432701
0.106 3.10949277663227
0.1061 3.12955523295095
0.1062 3.08699750972425
0.1063 3.05189344550769
0.1064 3.0623897277297
0.1065 3.11822629835085
0.1066 3.16712680995712
0.1067 3.13538020137816
0.1068 3.08648550518875
0.1069 3.10273409323669
0.107 3.14974319767319
0.1071 3.15296259604075
0.1072 3.1483896332235
0.1073 3.14547384961264
0.1074 3.16935055585515
0.1075 3.14289395961794
0.1076 3.13368018621195
0.1077 3.17642388760877
0.1078 3.18604711655063
0.1079 3.17579628157427
0.108 3.16882008359627
0.1081 3.1675899920177
0.1082 3.19373765518512
0.1083 3.19628518091606
0.1084 3.20495286841415
0.1085 3.23427755032248
0.1086 3.20081189040951
0.1087 3.17170847290512
0.1088 3.21246837441346
0.1089 3.27632150189207
0.109 3.25107516530692
0.1091 3.23566523715682
0.1092 3.21398379661089
0.1093 3.24220535224735
0.1094 3.26785797252857
0.1095 3.30872318766512
0.1096 3.28278171030265
0.1097 3.25289486419339
0.1098 3.28993011596279
0.1099 3.32063793389991
0.11 3.31818927058193
0.1101 3.31940887467706
0.1102 3.33243171756879
0.1103 3.31694485396214
0.1104 3.31555604136773
0.1105 3.33263740118883
0.1106 3.37432841452443
0.1107 3.358438290574
0.1108 3.35548619227093
0.1109 3.36161456515013
0.111 3.35798784925675
0.1111 3.36401752856078
0.1112 3.40487608519321
0.1113 3.39770715599168
0.1114 3.37382884068858
0.1115 3.37021439921333
0.1116 3.37633753058664
0.1117 3.38955409739933
0.1118 3.42575095713897
0.1119 3.41562440599734
0.112 3.39637258123883
0.1121 3.40805010539483
0.1122 3.42700029329892
0.1123 3.44116582190799
0.1124 3.4479964838862
0.1125 3.44343095248506
0.1126 3.43045222529489
0.1127 3.43771891018985
0.1128 3.47574598609758
0.1129 3.46357957256172
0.113 3.48381961572856
0.1131 3.48050371227388
0.1132 3.44160720459881
0.1133 3.46807833902247
0.1134 3.5258613862429
0.1135 3.52692660024765
0.1136 3.50658954920736
0.1137 3.4967823631748
0.1138 3.49749066879628
0.1139 3.51330292063674
0.114 3.54715128710316
0.1141 3.57463030712766
0.1142 3.52679515541138
0.1143 3.5260373480462
0.1144 3.57128903447238
0.1145 3.5873503784856
0.1146 3.58740992464744
0.1147 3.58175472221714
0.1148 3.59061299506965
0.1149 3.60798174200396
0.115 3.58924318340637
0.1151 3.6243661283851
0.1152 3.63508953217551
0.1153 3.61404561549448
0.1154 3.61905680393195
0.1155 3.63687946829308
0.1156 3.61641435695404
0.1157 3.64857960065758
0.1158 3.67243421747415
0.1159 3.62906456170038
0.116 3.63212053178153
0.1161 3.66635907947491
0.1162 3.66144617689664
0.1163 3.6707692279807
0.1164 3.64881275501584
0.1165 3.67796158143911
0.1166 3.70486478687078
0.1167 3.67587528041534
0.1168 3.69040727530127
0.1169 3.68586587732687
0.117 3.71107374870808
0.1171 3.72155653702064
0.1172 3.72209229371413
0.1173 3.70742399377281
0.1174 3.70609782311028
0.1175 3.75107652070936
0.1176 3.76087689110827
0.1177 3.72410329469666
0.1178 3.72142648426891
0.1179 3.74482866100861
0.118 3.77371512453025
0.1181 3.79935071867594
0.1182 3.77813898753843
0.1183 3.74495580742
0.1184 3.77817472228844
0.1185 3.82458262940886
0.1186 3.78106865142248
0.1187 3.79087520980998
0.1188 3.8086769107055
0.1189 3.840771717073
0.119 3.83852244637562
0.1191 3.79996666785038
0.1192 3.80935338031937
0.1193 3.84902091672456
0.1194 3.89513220090992
0.1195 3.87793666333674
0.1196 3.84590753324594
0.1197 3.86288253683921
0.1198 3.86104556943087
0.1199 3.8533185093873
0.12 3.88186407141111
0.1201 3.91264682662803
0.1202 3.92852154963432
0.1203 3.88860624290651
0.1204 3.86874407050427
0.1205 3.90358909724622
0.1206 3.94181894205572
0.1207 3.93199460399221
0.1208 3.94126421476825
0.1209 3.94858716417848
0.121 3.94215074644327
0.1211 3.92204418054362
0.1212 3.95393681715934
0.1213 3.95922712965712
0.1214 3.96517435869414
0.1215 4.00063948558231
0.1216 4.01164868016297
0.1217 3.96464249731973
0.1218 3.93315566878618
0.1219 3.98743984504868
0.122 4.02352988390396
0.1221 4.01192173826081
0.1222 3.98877363439967
0.1223 3.98738092024656
0.1224 3.98703949225014
0.1225 3.99824795318538
0.1226 4.05097720727283
0.1227 4.03260348966209
0.1228 3.98765692446777
0.1229 4.04449160891769
0.123 4.06319272204482
0.1231 4.05295797036857
0.1232 4.04413391528324
0.1233 4.06732465381836
0.1234 4.07341524677975
0.1235 4.08016172416036
0.1236 4.07613290937858
0.1237 4.07997416815183
0.1238 4.09952280745945
0.1239 4.0917238925145
0.124 4.0991220812859
0.1241 4.1018956619924
0.1242 4.12025248524544
0.1243 4.12093742747905
0.1244 4.10688217123131
0.1245 4.15019861800742
0.1246 4.17142444382353
0.1247 4.14057701572462
0.1248 4.11706765795199
0.1249 4.16863874628199
0.125 4.18932479831317
0.1251 4.16526016839972
0.1252 4.18249129643884
0.1253 4.17533002352935
0.1254 4.17205473092304
0.1255 4.20340571668837
0.1256 4.20517033819284
0.1257 4.21156784392166
0.1258 4.22374677805175
0.1259 4.23394768265727
0.126 4.21069577589833
0.1261 4.22580799180624
0.1262 4.25552099126193
0.1263 4.2630990975958
0.1264 4.22614512754479
0.1265 4.24847230775693
0.1266 4.29136571265193
0.1267 4.28388642172157
0.1268 4.26396225643486
0.1269 4.28912479789832
0.127 4.29703711659084
0.1271 4.29148276443284
0.1272 4.29686553272165
0.1273 4.30159189174973
0.1274 4.30656561795052
0.1275 4.3270272350002
0.1276 4.33231534225468
0.1277 4.33289891114879
0.1278 4.32032506993967
0.1279 4.33967181073462
0.128 4.33896341966614
0.1281 4.32986409467464
0.1282 4.34075587964906
0.1283 4.36897030110482
0.1284 4.39463940891641
0.1285 4.38728657536782
0.1286 4.38924855806899
0.1287 4.37918384853491
0.1288 4.3761680710508
0.1289 4.39261868747669
0.129 4.41421616840808
0.1291 4.4595577315662
0.1292 4.43428551494725
0.1293 4.36123744643772
0.1294 4.40447086541333
0.1295 4.4644820667083
0.1296 4.45887659386706
0.1297 4.43290162140396
0.1298 4.42252660828195
0.1299 4.43430928830895
0.13 4.44352551835239
0.1301 4.463010789899
0.1302 4.48023510408312
0.1303 4.44964381624914
0.1304 4.4237884180228
0.1305 4.44332320557914
0.1306 4.44985064646902
0.1307 4.44585091434263
0.1308 4.41443005808502
0.1309 4.38015929875527
0.131 4.40172217573986
0.1311 4.37457347517927
0.1312 4.30156082058814
0.1313 4.24225910445657
0.1314 4.19315406254473
0.1315 4.12970408277597
0.1316 4.0169883671823
0.1317 3.89208479766673
0.1318 3.73779130656002
0.1319 3.53740281926899
0.132 3.2910061087471
0.1321 2.9905207868673
0.1322 2.67066428614678
0.1323 2.33312419150122
