# Fix print output for fix out1
-8.6817061066767e-16 -0.0301919865210322
9.99999999990547e-05 -0.0421712813605365
0.000199999999999122 -0.0208971536532627
0.000299999999999045 -0.0612512132230572
0.000399999999999113 -0.0479034915211604
0.000499999999999036 0.0997521082863952
0.000599999999999103 0.153385689034211
0.000699999999999026 0.0279309739309271
0.000799999999999093 -0.0187179123807343
0.000899999999999016 -0.100332987784691
0.000999999999999084 -0.140135309967085
0.00109999999999901 -0.00228497837295389
0.00119999999999907 0.164831368172555
0.001299999999999 0.0765789415937976
0.00139999999999906 -0.0966677917671511
0.00149999999999899 -0.0420556128926712
0.00159999999999905 0.0245582613632165
0.00169999999999912 -0.0237809280129686
0.00179999999999905 0.0323496744491251
0.00189999999999911 0.178393405039003
0.00199999999999904 0.0883405281455148
0.0020999999999991 -0.0792683894589483
0.00219999999999903 0.0237367438291322
0.00229999999999909 0.0153396015235398
0.00239999999999902 0.0334714899142592
0.00249999999999908 0.103295389213075
0.00259999999999901 0.100307116692312
0.00269999999999907 -0.0064612110342629
0.002799999999999 0.0318945051107512
0.00289999999999906 0.0478686470150071
0.00299999999999899 0.0928656940372756
0.00309999999999906 0.0987215586439127
0.00319999999999912 0.0452588286208837
0.00329999999999905 0.0469967595643509
0.00339999999999911 0.165179183386941
0.00349999999999904 0.170048550693583
0.0035999999999991 0.024844986783358
0.00369999999999903 0.0664045066976012
0.00379999999999909 0.101514715799517
0.00389999999999902 0.157530433465591
0.00399999999999908 0.158189991224967
0.00409999999999901 0.0880345821749107
0.00419999999999908 0.027449967448892
0.004299999999999 0.019811287585471
0.00439999999999907 0.170075940383362
0.00449999999999899 0.194271479368312
0.00459999999999906 0.131418036219943
0.00469999999999912 0.104189690744181
0.00479999999999905 0.105798876156706
0.00489999999999911 0.0541931298978655
0.00499999999999904 0.106886394295862
0.0050999999999991 0.18394519493097
0.00519999999999903 0.163734959541782
0.00529999999999909 0.147282310264432
0.00539999999999902 0.11417337107135
0.00549999999999908 0.136602081819872
0.00559999999999901 0.126771867817673
0.00569999999999907 0.0772400766404917
0.005799999999999 0.115516894789223
0.00589999999999907 0.236408053420398
0.00599999999999899 0.272690266747219
0.00609999999999906 0.124087447422775
0.00619999999999912 0.0275379129813579
0.00629999999999905 0.0920412280500945
0.00639999999999911 0.24742999076424
0.00649999999999904 0.304155347796169
0.0065999999999991 0.185704699204521
0.00669999999999903 0.0682020038020969
0.00679999999999909 0.119870583426151
0.00689999999999902 0.231799977896299
0.00699999999999909 0.223528619787736
0.00709999999999901 0.214353787749227
0.00719999999999908 0.194954503265083
0.007299999999999 0.197043573015307
0.00739999999999907 0.244432361753242
0.00749999999999899 0.255483818265861
0.00759999999999906 0.32236105496909
0.00769999999999912 0.285411282020262
0.00779999999999905 0.116006081945505
0.00789999999999911 0.11378456920566
0.00799999999999904 0.199616167134543
0.0080999999999991 0.234986986981115
0.00819999999999903 0.293543230849518
0.00829999999999909 0.325872194021311
0.00839999999999902 0.300497327218296
0.00849999999999908 0.15873072755996
0.00859999999999901 0.127585906724798
0.00869999999999907 0.184733671311703
0.008799999999999 0.447692714400866
0.00889999999999907 0.462118811708295
0.00899999999999899 0.221205028967917
0.00909999999999906 0.132549478780289
0.00919999999999898 0.229212930046468
0.00929999999999905 0.300009870076734
0.00939999999999911 0.345031432210973
0.00949999999999904 0.361864938818084
0.0095999999999991 0.179420692791474
0.00969999999999903 0.0732298787314582
0.0097999999999991 0.245828250995094
0.00989999999999902 0.436433799747188
0.00999999999999909 0.400969638424016
0.010099999999999 0.244189997066073
0.0101999999999991 0.247510901895036
0.010299999999999 0.243871043362565
0.0103999999999991 0.159817758785106
0.010499999999999 0.316522239824312
0.0105999999999991 0.567669410581911
0.010699999999999 0.477100032098627
0.010799999999999 0.293026389261136
0.0108999999999991 0.249043325369404
0.010999999999999 0.268871855434075
0.0110999999999991 0.293561976124428
0.011199999999999 0.38176719294733
0.0112999999999991 0.439035186343175
0.011399999999999 0.332883050472157
0.0114999999999991 0.29726482152686
0.011599999999999 0.325828637534516
0.0116999999999991 0.328686141974153
0.011799999999999 0.371111915963336
0.0118999999999991 0.382046690149333
0.011999999999999 0.389336713525574
0.0120999999999991 0.319770318119909
0.012199999999999 0.30073807750519
0.012299999999999 0.364524759658728
0.0123999999999991 0.418886300419164
0.012499999999999 0.449150632885959
0.0125999999999991 0.380242919522174
0.012699999999999 0.248671235419548
0.0127999999999991 0.300324293647668
0.012899999999999 0.39422424082861
0.0129999999999991 0.446583903232324
0.013099999999999 0.478356831470523
0.0131999999999991 0.401419319370722
0.013299999999999 0.399111653200233
0.0133999999999991 0.382253017044128
0.013499999999999 0.354681608768837
0.0135999999999991 0.431501855601858
0.013699999999999 0.461370636375941
0.013799999999999 0.512736329865744
0.0138999999999991 0.541064350254945
0.013999999999999 0.387713468257909
0.0140999999999991 0.344636938145062
0.014199999999999 0.402176430901562
0.0142999999999991 0.378918651297658
0.014399999999999 0.480439435116185
0.0144999999999991 0.476800450769201
0.014599999999999 0.458772843585774
0.0146999999999991 0.44054300862136
0.014799999999999 0.45932211693589
0.0148999999999991 0.458210858146414
0.014999999999999 0.420510530609397
0.0150999999999991 0.623727492800357
0.015199999999999 0.657915767741847
0.015299999999999 0.450108931351938
0.0153999999999991 0.389340750106575
0.015499999999999 0.473505109567879
0.0155999999999991 0.559602790694172
0.015699999999999 0.614666856871999
0.0157999999999991 0.476810559642259
0.015899999999999 0.432191388499504
0.0159999999999991 0.521895494744071
0.016099999999999 0.629311664868641
0.0161999999999991 0.596686223367715
0.016299999999999 0.51203635067541
0.0163999999999991 0.428280094006088
0.016499999999999 0.413806733732894
0.0165999999999991 0.591566373306564
0.016699999999999 0.687935513475616
0.016799999999999 0.544390941830072
0.0168999999999991 0.5123247704503
0.016999999999999 0.583784097368453
0.0170999999999991 0.578470458926086
0.017199999999999 0.520373652867818
0.0172999999999991 0.512307810249565
0.017399999999999 0.506719811175238
0.0174999999999991 0.558162654572434
0.017599999999999 0.693480640328235
0.0176999999999991 0.59682348769342
0.017799999999999 0.388170911251605
0.0178999999999991 0.459517495677112
0.017999999999999 0.573654564858334
0.0180999999999991 0.674125804834864
0.018199999999999 0.676393794506758
0.018299999999999 0.564461551367282
0.0183999999999991 0.542837387744595
0.018499999999999 0.568038033691349
0.0185999999999991 0.530584848596331
0.018699999999999 0.633379753811611
0.0187999999999991 0.713813789967917
0.018899999999999 0.692208105427633
0.0189999999999991 0.588005205790159
0.019099999999999 0.448119392222959
0.0191999999999991 0.585546232947133
0.019299999999999 0.755632506662973
0.0193999999999991 0.722948975664797
0.019499999999999 0.666396374544191
0.0195999999999991 0.558286843914139
0.019699999999999 0.488877795415122
0.019799999999999 0.60360820143456
0.019899999999999 0.71905036772975
0.019999999999999 0.703967345416625
0.0200999999999991 0.685285963109571
0.020199999999999 0.636241542775837
0.0202999999999991 0.607084819432882
0.020399999999999 0.587804168221414
0.0204999999999991 0.65004155284534
0.020599999999999 0.729437156887409
0.0206999999999991 0.709742288941869
0.020799999999999 0.674438320049768
0.0208999999999991 0.613186635118948
0.020999999999999 0.616756307119803
0.0210999999999991 0.693556741718591
0.021199999999999 0.758270302207895
0.021299999999999 0.826140338844575
0.021399999999999 0.618183696582498
0.021499999999999 0.552335585319255
0.0215999999999991 0.75719727514623
0.021699999999999 0.830040839644939
0.0217999999999991 0.732774607822357
0.021899999999999 0.643739433488644
0.0219999999999991 0.720469083845691
0.022099999999999 0.789491754754542
0.0221999999999991 0.71350652653183
0.022299999999999 0.615335794937373
0.0223999999999991 0.715284201177527
0.022499999999999 0.911617582088932
0.0225999999999991 0.926683845375552
0.022699999999999 0.746516175099036
0.0227999999999991 0.696639267155833
0.0228999999999991 0.689255231953088
0.022999999999999 0.662520637314447
0.0230999999999991 0.814660633661267
0.023199999999999 0.895990366102725
0.0232999999999991 0.870040864912141
0.023399999999999 0.761778332104404
0.0234999999999991 0.73496931552866
0.023599999999999 0.779775318611463
0.0236999999999991 0.871014525004086
0.023799999999999 0.808221965662164
0.0238999999999991 0.781900685505771
0.023999999999999 0.754978535514872
0.0240999999999991 0.816381955402226
0.024199999999999 0.877710069211431
0.024299999999999 0.857095072006904
0.024399999999999 0.741436043477554
0.024499999999999 0.698422514284802
0.0245999999999991 0.789854614196834
0.024699999999999 0.853651644173847
0.0247999999999991 0.851060057489187
0.024899999999999 0.886151557551466
0.0249999999999991 0.865248440757905
0.025099999999999 0.879201464737854
0.0251999999999991 0.835750556480904
0.025299999999999 0.852997831762185
0.0253999999999991 0.921233903572985
0.025499999999999 0.937972603584027
0.0255999999999991 0.908827781328788
0.025699999999999 0.801683979790223
0.025799999999999 0.767799072003214
0.025899999999999 0.85404334255202
0.025999999999999 1.02387821905435
0.0260999999999991 1.02408594585835
0.026199999999999 0.94059586010236
0.0262999999999991 0.82301277275815
0.026399999999999 0.836819354398039
0.0264999999999991 0.937568905930297
0.026599999999999 1.00551624983304
0.0266999999999991 0.945450440878875
0.026799999999999 0.95639937621603
0.0268999999999991 0.983607450415185
0.026999999999999 0.903144434672597
0.0270999999999991 0.805231492215321
0.027199999999999 0.906052781617601
0.0272999999999991 0.981452753860923
0.027399999999999 0.96734612895663
0.027499999999999 0.974221612031191
0.0275999999999991 0.987332036345611
0.027699999999999 1.0019573412768
0.0277999999999991 0.930316274942975
0.027899999999999 0.941844321194229
0.0279999999999991 0.986373718365053
0.028099999999999 1.01774368726907
0.0281999999999991 0.991139099559603
0.028299999999999 0.98330324569793
0.0283999999999991 1.04169554749924
0.028499999999999 0.955224765731299
0.0285999999999991 0.849949736896328
0.028699999999999 1.07099238167635
0.0287999999999991 1.11760220256259
0.028899999999999 0.979834243672924
0.028999999999999 0.934391403833528
0.0290999999999991 1.03117778334973
0.029199999999999 1.00775839481127
0.0292999999999991 0.977912433232211
0.029399999999999 1.03038570367285
0.0294999999999991 1.04454192285342
0.029599999999999 1.06296115703278
0.0296999999999991 1.09261371951938
0.029799999999999 1.11486576325471
0.0298999999999991 1.02990932294835
0.029999999999999 0.981722911150462
0.0300999999999991 0.982302221299848
0.030199999999999 1.09784990516807
0.030299999999999 1.17182533833874
0.030399999999999 1.12902704051386
0.030499999999999 1.06608133095491
0.030599999999999 1.02446343467093
0.030699999999999 1.00525768334652
0.0307999999999991 1.05662047747729
0.030899999999999 1.14557530971419
0.0309999999999991 1.15562560113324
0.031099999999999 1.11336317857122
0.0311999999999991 1.00669476672996
0.031299999999999 0.96180073591938
0.0313999999999991 1.01485515595789
0.031499999999999 1.19673379367968
0.0315999999999991 1.18321924207991
0.031699999999999 1.07792210035748
0.0317999999999991 1.15181875707667
0.031899999999999 1.16626252769554
0.031999999999999 0.994378986572932
0.032099999999999 1.05357377183736
0.032199999999999 1.22729047284674
0.0322999999999991 1.23171458482101
0.032399999999999 1.15620094623706
0.0324999999999991 1.13025857656868
0.032599999999999 1.12983066174198
0.0326999999999991 1.1350016266572
0.032799999999999 1.15765713911733
0.0328999999999991 1.15644058865747
0.032999999999999 1.22896267799745
0.0330999999999991 1.18885308640495
0.033199999999999 1.18121588921412
0.0332999999999991 1.15283210680965
0.033399999999999 1.17856708528264
0.033499999999999 1.19353081789474
0.033599999999999 1.2659093931767
0.033699999999999 1.20816420718768
0.0337999999999991 1.11967259620107
0.033899999999999 1.163356700952
0.0339999999999991 1.22816428322675
0.034099999999999 1.27152353554358
0.0341999999999991 1.21853390854017
0.034299999999999 1.19655768252396
0.0343999999999991 1.16841335309325
0.034499999999999 1.2744172010221
0.0345999999999991 1.29785875190991
0.034699999999999 1.22464265883873
0.0347999999999991 1.18524903845825
0.034899999999999 1.19499384302435
0.034999999999999 1.28199845275352
0.035099999999999 1.36940487222113
0.035199999999999 1.31968373398488
0.0352999999999991 1.20566986065162
0.035399999999999 1.18194379959658
0.0354999999999991 1.24262917642955
0.035599999999999 1.30718287930642
0.0356999999999991 1.32928310442258
0.035799999999999 1.27828066033845
0.0358999999999991 1.25783859728607
0.035999999999999 1.29247180847737
0.0360999999999991 1.31236204138431
0.036199999999999 1.32423912263304
0.0362999999999991 1.33296985609974
0.036399999999999 1.28100682702565
0.036499999999999 1.35233745272407
0.036599999999999 1.36573023409524
0.036699999999999 1.29649046417288
0.036799999999999 1.21011918596213
0.036899999999999 1.27971753806989
0.0369999999999991 1.4172145270634
0.037099999999999 1.38260739125707
0.0371999999999991 1.33277640203216
0.037299999999999 1.32939146294245
0.0373999999999991 1.29058753739059
0.037499999999999 1.28658536833107
0.0375999999999991 1.37017022822983
0.037699999999999 1.39617433354799
0.037799999999999 1.36329981379325
0.037899999999999 1.35450784374593
0.037999999999999 1.37420733590873
0.038099999999999 1.42911050200462
0.038199999999999 1.37348624674321
0.0382999999999991 1.3011366690578
0.038399999999999 1.37504727993338
0.0384999999999991 1.40119537235774
0.038599999999999 1.42934278307111
0.0386999999999991 1.50167252788027
0.038799999999999 1.41165175538078
0.0388999999999991 1.31288593164233
0.038999999999999 1.40262796378787
0.0390999999999991 1.4830965670721
0.039199999999999 1.4662264342749
0.0392999999999991 1.47513634289259
0.039399999999999 1.47611078464268
0.039499999999999 1.44508415443125
0.039599999999999 1.4010474210261
0.039699999999999 1.39835298022982
0.039799999999999 1.43626252401116
0.039899999999999 1.49875692514903
0.0399999999999991 1.5614392870237
0.040099999999999 1.54664965479451
0.0401999999999991 1.47929285995434
0.040299999999999 1.48076433870474
0.0403999999999991 1.45819449524756
0.040499999999999 1.48223510351335
0.0405999999999991 1.45823358053554
0.040699999999999 1.5475039908421
0.0407999999999991 1.56545798705409
0.040899999999999 1.46704086110042
0.040999999999999 1.45516493818739
0.041099999999999 1.50531288922561
0.041199999999999 1.53733435565867
0.041299999999999 1.58189039844725
0.041399999999999 1.60910842925508
0.0414999999999991 1.46125805589791
0.041599999999999 1.47036487521269
0.0416999999999991 1.57391689378512
0.041799999999999 1.59493329042177
0.0418999999999991 1.54439512345365
0.041999999999999 1.52438062529337
0.0420999999999991 1.57519945111836
0.042199999999999 1.61549929490128
0.0422999999999991 1.4849097405191
0.042399999999999 1.55909012241711
0.042499999999999 1.55906678883758
0.042599999999999 1.55403442559466
0.042699999999999 1.5998394113648
0.042799999999999 1.60664060382043
0.042899999999999 1.60159957612692
0.0429999999999991 1.53817333769883
0.043099999999999 1.53887796201208
0.0431999999999991 1.60251895991847
0.043299999999999 1.64178660915608
0.0433999999999991 1.64097501086173
0.043499999999999 1.62724899123
0.0435999999999991 1.54354383710797
0.043699999999999 1.61034423469682
0.0437999999999991 1.62384857839793
0.043899999999999 1.6774451306816
0.043999999999999 1.77936325342171
0.044099999999999 1.67772005469581
0.044199999999999 1.53784189748122
0.0442999999999991 1.56757044856789
0.044399999999999 1.59813077070151
0.0444999999999991 1.71236801610108
0.044599999999999 1.81599123925005
0.0446999999999991 1.75979483847235
0.044799999999999 1.57588199360087
0.0448999999999991 1.48759344853589
0.044999999999999 1.67423281835211
0.0450999999999991 1.79030379365396
0.045199999999999 1.73941340198185
0.0452999999999991 1.65336073081237
0.045399999999999 1.70773107562197
0.045499999999999 1.64722704900452
0.045599999999999 1.64591036405377
0.045699999999999 1.68424044399764
0.045799999999999 1.87548236659601
0.045899999999999 1.83668578059959
0.0459999999999989 1.63149946097172
0.046099999999999 1.60622648947035
0.0461999999999991 1.77113154705417
0.046299999999999 1.8095313806058
0.0463999999999991 1.71854239257972
0.046499999999999 1.69953694037658
0.0465999999999991 1.80841448772229
0.046699999999999 1.77264693419835
0.0467999999999991 1.73915511280398
0.046899999999999 1.76829731436103
0.046999999999999 1.82765851769152
0.047099999999999 1.7387197395412
0.047199999999999 1.61390387220604
0.047299999999999 1.72593378421075
0.047399999999999 1.92847593383842
0.0474999999999989 1.88766129740762
0.047599999999999 1.80192100964023
0.0476999999999991 1.80790546567309
0.047799999999999 1.80514428684897
0.0478999999999991 1.72776637017599
0.047999999999999 1.76021996603817
0.0480999999999991 1.88873080236581
0.048199999999999 1.90217994632695
0.0482999999999991 1.75336880725305
0.048399999999999 1.60878527831652
0.048499999999999 1.72850933937197
0.048599999999999 1.94777865685423
0.048699999999999 1.95762876814061
0.048799999999999 1.9106921095434
0.048899999999999 1.82129148447632
0.0489999999999991 1.76854191668461
0.049099999999999 1.81514116486729
0.0491999999999991 1.88567767931187
0.049299999999999 1.88936284827213
0.0493999999999991 1.85165628166008
0.049499999999999 1.85671145111355
0.0495999999999991 1.96838962199849
0.049699999999999 1.9145069482063
0.0497999999999991 1.81735218185449
0.049899999999999 1.86060652990046
0.049999999999999 1.99047006054464
0.050099999999999 1.98368732542946
0.050199999999999 1.84992429010228
0.050299999999999 1.89836629343252
0.050399999999999 1.9077400681311
0.0504999999999989 1.96326187130149
0.050599999999999 1.96385037611585
0.0506999999999991 1.91526440976899
0.050799999999999 1.90295929531741
0.0508999999999991 1.99645057407486
0.050999999999999 1.98970147955242
0.0510999999999991 1.92695733038077
0.051199999999999 1.94081400831232
0.0512999999999991 1.99492659991871
0.051399999999999 1.91491437374868
0.051499999999999 1.93739453838172
0.051599999999999 1.97994530641141
0.051699999999999 2.02231564962238
0.051799999999999 2.05327786165339
0.051899999999999 2.09040650619302
0.0519999999999989 2.03929089924632
0.052099999999999 1.93222645388319
0.0521999999999991 1.99235609552138
0.052299999999999 1.94843367074788
0.0523999999999991 2.01884418690107
0.052499999999999 2.14371936266873
0.0525999999999991 2.11196102921626
0.052699999999999 2.00442485757796
0.0527999999999991 1.96146054592885
0.052899999999999 2.03863824485614
0.052999999999999 2.05632042533376
0.053099999999999 2.08548267273298
0.053199999999999 2.07367247074925
0.053299999999999 2.07495678701975
0.053399999999999 2.01012270953891
0.053499999999999 2.09204719257077
0.053599999999999 2.09192035202433
0.0536999999999991 2.0715237019345
0.053799999999999 2.19378573656035
0.0538999999999991 2.21237176444295
0.053999999999999 2.02001219724335
0.0540999999999991 1.88978745883195
0.054199999999999 2.17036905096118
0.0542999999999991 2.26671859015611
0.054399999999999 2.11071168021076
0.054499999999999 2.0637389156402
0.054599999999999 2.11866756864236
0.054699999999999 2.11084165556412
0.054799999999999 2.14654551095398
0.054899999999999 2.18132223888957
0.054999999999999 2.18736258502285
0.055099999999999 2.11225278320917
0.0551999999999991 2.09976264733029
0.055299999999999 2.17287896301621
0.0553999999999991 2.12548702626615
0.055499999999999 2.20053020789624
0.0555999999999991 2.25912164500047
0.055699999999999 2.22967535141271
0.0557999999999991 2.16304967425807
0.055899999999999 2.17715131254704
0.055999999999999 2.20663201162341
0.056099999999999 2.2246777329308
0.056199999999999 2.19996605034606
0.056299999999999 2.19383642520744
0.056399999999999 2.18268867655092
0.0564999999999989 2.24566240038581
0.056599999999999 2.26844739623242
0.0566999999999989 2.16412064575803
0.056799999999999 2.20141446434226
0.0568999999999991 2.25775811054336
0.056999999999999 2.26476644216845
0.0570999999999991 2.3054077990796
0.057199999999999 2.23814281800765
0.0572999999999991 2.13532067603642
0.057399999999999 2.13012899691977
0.057499999999999 2.30732685055821
0.057599999999999 2.39785169446132
0.057699999999999 2.30941847294037
0.057799999999999 2.20023965232568
0.057899999999999 2.21942942256202
0.0579999999999989 2.21088320722861
0.058099999999999 2.30929018932379
0.0581999999999991 2.40683500049333
0.058299999999999 2.24104766453544
0.0583999999999991 2.18319482434246
0.058499999999999 2.33065190496903
0.0585999999999991 2.40997625681447
0.058699999999999 2.35304372790159
0.0587999999999991 2.27934350790404
0.058899999999999 2.24922966348596
0.058999999999999 2.21531649394798
0.059099999999999 2.37136776786643
0.059199999999999 2.43515749468698
0.059299999999999 2.37761440356026
0.059399999999999 2.29323753904924
0.0594999999999989 2.31802825006753
0.059599999999999 2.31685360788036
0.0596999999999991 2.30364921054689
0.059799999999999 2.4086491920032
0.0598999999999991 2.5296276731649
0.059999999999999 2.43465197708601
0.0600999999999991 2.34344614695259
0.060199999999999 2.33447585372586
0.0602999999999991 2.4243546270009
0.060399999999999 2.44380023530216
0.060499999999999 2.33858294918164
0.060599999999999 2.36653566363182
0.060699999999999 2.43024997191511
0.060799999999999 2.41792001971332
0.060899999999999 2.48517646724032
0.060999999999999 2.44556191099064
0.061099999999999 2.36584992009226
0.0611999999999989 2.42042825000705
0.061299999999999 2.47962274365519
0.0613999999999991 2.42906399196197
0.061499999999999 2.50066299193065
0.0615999999999991 2.58940234354837
0.061699999999999 2.5164628567815
0.0617999999999991 2.4427795384604
0.061899999999999 2.42721834431749
0.061999999999999 2.47739738007916
0.062099999999999 2.49117673313218
0.062199999999999 2.57361572340508
0.062299999999999 2.53972789968871
0.062399999999999 2.51602324145174
0.062499999999999 2.51433474421267
0.062599999999999 2.45631765110197
0.0626999999999989 2.46285690184619
0.062799999999999 2.54736620283742
0.0628999999999991 2.66621620031677
0.062999999999999 2.63058467387166
0.0630999999999991 2.44155765706516
0.063199999999999 2.4476582093849
0.0632999999999991 2.51150880194233
0.063399999999999 2.58520723590754
0.063499999999999 2.53159502068906
0.063599999999999 2.56850239509215
0.063699999999999 2.55424709658328
0.063799999999999 2.54110902421013
0.063899999999999 2.54096500506523
0.0639999999999989 2.56971250115615
0.064099999999999 2.53194825734552
0.0641999999999989 2.55310790607146
0.064299999999999 2.58961120355165
0.0643999999999991 2.62730452495886
0.064499999999999 2.60523123708417
0.0645999999999991 2.63445954395424
0.064699999999999 2.63362145395946
0.0647999999999991 2.62010961496098
0.064899999999999 2.59211799137669
0.064999999999999 2.60981380740683
0.065099999999999 2.62381302566105
0.065199999999999 2.63539107067019
0.065299999999999 2.59293344139622
0.065399999999999 2.6773417811277
0.0654999999999989 2.67877825511086
0.065599999999999 2.57815352574931
0.0656999999999989 2.53444189727047
0.065799999999999 2.6192725775315
0.0658999999999991 2.83291428868887
0.065999999999999 2.76512570431033
0.0660999999999991 2.59876886587963
0.066199999999999 2.58903359802051
0.0662999999999991 2.59828131407277
0.066399999999999 2.70687686563873
0.066499999999999 2.76574593779401
0.066599999999999 2.66518724059917
0.066699999999999 2.68082358825584
0.066799999999999 2.77184773307794
0.066899999999999 2.75803978407586
0.0669999999999989 2.58822825578597
0.067099999999999 2.68126442732717
0.0671999999999989 2.79128302612881
0.067299999999999 2.80007328753188
0.0673999999999989 2.73479701003334
0.067499999999999 2.74441628299542
0.0675999999999991 2.79616009942744
0.067699999999999 2.70293401204503
0.0677999999999991 2.71776404564223
0.067899999999999 2.84907130820489
0.067999999999999 2.84660564698709
0.068099999999999 2.73126017399711
0.068199999999999 2.62226216038169
0.068299999999999 2.70320643503277
0.068399999999999 2.85168896459246
0.068499999999999 2.97818623985545
0.068599999999999 2.94919102096451
0.0686999999999989 2.7806088480304
0.068799999999999 2.76937945945383
0.0688999999999989 2.77572110037211
0.068999999999999 2.8387002382431
0.0690999999999991 2.87843082987971
0.069199999999999 2.78210984590221
0.0692999999999991 2.73574362444587
0.069399999999999 2.84743334053614
0.069499999999999 2.92649525410587
0.069599999999999 2.8366881818306
0.069699999999999 2.81494154954577
0.069799999999999 2.97560674977352
0.069899999999999 2.92761196434251
0.069999999999999 2.81412016261248
0.070099999999999 2.86990197621801
0.0701999999999989 2.91420505477311
0.070299999999999 2.87741155516862
0.0703999999999991 2.89707546023101
0.070499999999999 2.97249813217184
0.0705999999999991 2.95551779882579
0.070699999999999 2.93045992019062
0.0707999999999991 2.91547643092369
0.070899999999999 2.95276679513553
0.070999999999999 2.94725697615112
0.071099999999999 2.89627781334959
0.071199999999999 2.90163333637361
0.071299999999999 2.99838058962674
0.071399999999999 2.99614948885411
0.071499999999999 3.02485476903509
0.071599999999999 2.96193660324791
0.0716999999999989 2.90058407977408
0.071799999999999 2.83522046681606
0.0718999999999989 2.94138861242384
0.071999999999999 3.08041983427413
0.0720999999999991 3.02675740409686
0.072199999999999 2.99034949909354
0.0722999999999991 2.96769121784539
0.072399999999999 2.9529578439223
0.0724999999999991 2.99020299502966
0.072599999999999 2.9905288242521
0.072699999999999 2.98060730867192
0.072799999999999 3.01822457101827
0.072899999999999 2.98694553166067
0.072999999999999 2.9395780325381
0.073099999999999 3.00477926565267
0.0731999999999989 3.08874946011667
0.073299999999999 3.02729248511201
0.0733999999999989 2.99871748025082
0.073499999999999 3.05618306744232
0.0735999999999989 3.01514430388471
0.073699999999999 3.00194783216356
0.0737999999999991 2.93332784761304
0.073899999999999 3.01533308552821
0.0739999999999991 3.21895776634911
0.074099999999999 3.11396651563298
0.074199999999999 2.94591973781687
0.074299999999999 2.92143576699128
0.074399999999999 2.98135321418818
0.074499999999999 3.00738796034824
0.074599999999999 3.09049285943079
0.0746999999999989 3.06567636937743
0.074799999999999 3.05447848121122
0.0748999999999989 3.04391199575402
0.074999999999999 3.1387617007618
0.0750999999999991 3.16017106975757
0.075199999999999 3.14752532149992
0.0752999999999991 3.11386519324321
0.075399999999999 3.08602869969018
0.0754999999999991 3.052798882754
0.075599999999999 3.09016421380508
0.075699999999999 3.16320827661059
0.075799999999999 3.07866028967258
0.075899999999999 3.06958230170497
0.075999999999999 3.01777843516577
0.076099999999999 3.05541041304506
0.0761999999999989 3.17714676711061
0.076299999999999 3.16774295146074
0.0763999999999989 3.10606684614597
0.076499999999999 3.09920042186317
0.0765999999999991 3.21521123058106
0.076699999999999 3.17784031572605
0.0767999999999991 3.15428316901736
0.076899999999999 3.29471371677573
0.0769999999999991 3.25299799492052
0.077099999999999 3.10768641555062
0.077199999999999 3.12036655378508
0.077299999999999 3.19751020257732
0.077399999999999 3.22399861991603
0.077499999999999 3.1951541877932
0.077599999999999 3.22779824858911
0.077699999999999 3.11253845545511
0.077799999999999 3.01212012820832
0.0778999999999989 2.95395555807073
0.077999999999999 2.99582929819935
0.0780999999999991 2.9105666509767
0.078199999999999 2.8681871371987
0.0782999999999991 2.94782599549798
0.078399999999999 2.85877042007416
0.0784999999999991 2.71664564812612
0.078599999999999 2.70199213203483
0.078699999999999 2.74119621541738
0.078799999999999 2.75305690448327
0.078899999999999 2.63658522584424
0.078999999999999 2.5261702470862
0.079099999999999 2.53051473170978
0.0791999999999989 2.70033084443796
0.079299999999999 2.83886903597625
0.0793999999999989 2.72839504990064
0.079499999999999 2.5681700057769
0.0795999999999989 2.39939727133697
0.079699999999999 2.30185865771419
0.0797999999999991 2.29444110838197
0.079899999999999 2.35680151988583
0.079999999999999 2.43605164584922
0.080099999999999 2.53508762019783
0.080199999999999 2.55751592486638
0.080299999999999 2.44504277680758
0.080399999999999 2.33965002900294
0.080499999999999 2.12977442560249
0.080599999999999 2.08487382015951
0.0806999999999989 2.17279863896814
0.080799999999999 2.31125776620542
0.0808999999999989 2.30349129191938
0.080999999999999 2.21305999602038
0.0810999999999989 2.20553453899508
0.081199999999999 2.17119172786032
0.0812999999999991 2.17588440375734
0.081399999999999 2.20158970409895
0.081499999999999 2.2448011416773
0.081599999999999 2.28493839149549
0.081699999999999 2.3252507923588
0.081799999999999 2.19904876553631
0.081899999999999 2.00519038200592
0.0819999999999989 2.00793870013174
0.082099999999999 2.05190472610769
0.0821999999999989 2.00204555459854
0.082299999999999 1.96581394907846
0.0823999999999989 1.89436376523826
0.082499999999999 1.88127997808856
0.0825999999999989 1.89705470966493
0.082699999999999 1.89344262336565
0.0827999999999991 1.83669165859778
0.082899999999999 1.78065388317224
0.082999999999999 1.85932387597971
0.083099999999999 1.97707223453501
0.083199999999999 2.00760125440861
0.083299999999999 1.91401670083605
0.083399999999999 1.72825540717674
0.083499999999999 1.57760380103388
0.083599999999999 1.61607155812558
0.0836999999999989 1.59831705454556
0.083799999999999 1.5931099472368
0.0838999999999989 1.59713732022997
0.083999999999999 1.66863649902863
0.0840999999999989 1.85434021034361
0.084199999999999 2.1651786528777
0.0842999999999991 2.44334539193586
0.084399999999999 2.63533324546558
0.084499999999999 2.74311129230983
0.084599999999999 2.79966694774875
0.084699999999999 2.92172592682049
0.084799999999999 3.01526952489216
0.084899999999999 3.06039060180227
0.084999999999999 2.92811678979004
0.085099999999999 2.85662108988703
0.0851999999999989 3.0233377225331
0.085299999999999 3.11104106082945
0.0853999999999989 3.08408870149769
0.085499999999999 3.09216264214242
0.0855999999999989 3.08396066799868
0.085699999999999 3.15169719451709
0.0857999999999991 3.15051376392903
0.085899999999999 3.15060532279167
0.085999999999999 3.1217124370192
0.086099999999999 3.05771848775993
0.086199999999999 2.98998749446441
0.086299999999999 3.03387892296284
0.086399999999999 3.04037745062239
0.086499999999999 2.98006267071429
0.086599999999999 2.91339537831545
0.0866999999999989 2.96007751537316
0.086799999999999 3.06188901529359
0.0868999999999989 3.14498225271221
0.086999999999999 3.18224173527886
0.0870999999999991 3.19356058553209
0.087199999999999 3.2065447122696
0.0872999999999989 3.31111035266663
0.087399999999999 3.19827798641572
0.0874999999999991 3.17512554323437
0.087599999999999 3.26849631480277
0.087699999999999 3.32222753898545
0.087799999999999 3.18970370338066
0.087899999999999 3.17174027362078
0.087999999999999 3.18262793235109
0.088099999999999 3.08192397896487
0.0881999999999989 3.08244069700002
0.088299999999999 3.08801704194988
0.0883999999999989 2.97965212603906
0.088499999999999 3.00957772808045
0.0885999999999989 3.11090320662478
0.088699999999999 3.14443473068022
0.0887999999999989 3.17358296791115
0.088899999999999 3.1878899899649
0.0889999999999991 3.24466220434301
0.089099999999999 3.26442527553338
0.089199999999999 3.29260147745893
0.089299999999999 3.30521320070749
0.089399999999999 3.36509632549025
0.089499999999999 3.43772081998592
0.089599999999999 3.31146966986972
0.0896999999999989 3.32601698003541
0.089799999999999 3.42878375306045
0.0898999999999989 3.46522349809916
0.089999999999999 3.42714834489543
0.0900999999999989 3.34964457150799
0.090199999999999 3.37316963667692
0.0902999999999989 3.44749076721555
0.090399999999999 3.40732579862344
0.0904999999999991 3.3741916015085
0.090599999999999 3.37166874772935
0.090699999999999 3.28156276227732
0.090799999999999 3.22197503248819
0.090899999999999 3.20254697385464
0.090999999999999 3.20724930811539
0.091099999999999 3.1731514509278
0.0911999999999989 3.13283208239076
0.091299999999999 3.11595309609142
0.0913999999999989 3.09634949986967
0.091499999999999 3.21639923522454
0.0915999999999989 3.34057196191828
0.091699999999999 3.27816526471235
0.0917999999999991 3.01283222464126
0.091899999999999 3.07943659339157
0.0919999999999989 3.29189500855735
0.092099999999999 3.26976247362144
0.092199999999999 3.10014445581559
0.092299999999999 3.07920194064343
0.092399999999999 3.00805911190626
0.092499999999999 2.80237183076625
0.092599999999999 2.67767148533417
0.0926999999999989 2.7288027105595
0.092799999999999 2.65277951958049
0.0928999999999989 2.5767227705595
0.092999999999999 2.57249700317735
0.0930999999999991 2.50657525975321
0.093199999999999 2.33228912349361
0.0932999999999989 2.3058412173907
0.093399999999999 2.40784679893531
0.0934999999999989 2.47809157749957
0.093599999999999 2.43713749327339
0.093699999999999 2.32075871437083
0.093799999999999 2.25956354116338
0.093899999999999 2.27741410570613
0.093999999999999 2.23259747909868
0.094099999999999 2.14271734750655
0.094199999999999 2.16760641307145
0.094299999999999 2.02089703047383
0.0943999999999989 1.97666954333959
0.094499999999999 1.93003992776085
0.0945999999999989 1.92935938744059
0.094699999999999 1.92690216766127
0.0947999999999989 1.99854802021952
0.094899999999999 2.13176858861559
0.0949999999999989 2.1924675503974
0.095099999999999 1.98138067991501
0.095199999999999 1.82119100224919
0.095299999999999 1.84216015101525
0.095399999999999 1.84403760094239
0.095499999999999 1.78415572274729
0.095599999999999 1.70905392051834
0.095699999999999 1.60226554594684
0.095799999999999 1.70867037474129
0.0958999999999989 1.77972671358888
0.095999999999999 1.59085164494096
0.0960999999999989 1.4127576400497
