# Fix print output for fix out1
-1.00826750069948e-15 -0.188687975003881
0.000399999999999742 0.0118391733228687
0.000800000000000745 0.224524119053525
0.00120000000000112 0.243449888661546
0.00160000000000073 0.223511424576818
0.00200000000000098 0.35608898122048
0.00240000000000148 0.433372167414754
0.0028000000000016 0.524476506449288
0.00320000000000285 0.555800161490822
0.00360000000000335 0.706919891952729
0.00400000000000297 0.661325999738099
0.00440000000000359 0.629266501551071
0.00480000000000384 0.713638143679555
0.00520000000000535 0.642756413118961
0.00560000000000559 0.669005733819473
0.00600000000000546 0.74128848724884
0.00640000000000583 0.723791996307623
0.00680000000000495 0.908053166535108
0.0072000000000057 0.976035545267893
0.00760000000000645 1.04327111927262
0.0080000000000077 1.08888097791922
0.00840000000000757 1.15000777701741
0.00880000000000769 1.1055200235369
0.00920000000000768 1.07816438101927
0.00960000000000831 1.18894621434995
0.0100000000000091 1.05974363489495
0.0104000000000096 1.16040221206754
0.0108000000000092 1.25037910186383
0.0112000000000093 1.28637540344193
0.0116000000000092 1.38167304166983
0.0120000000000105 1.49645666912805
0.0124000000000113 1.55271874226187
0.0128000000000122 1.50751538831076
0.0132000000000118 1.48566524933491
0.013600000000012 1.5123976288834
0.0140000000000128 1.58148014102389
0.0144000000000134 1.55592355714353
0.0148000000000142 1.58005225067296
0.0152000000000142 1.68570023126212
0.015600000000014 1.72885451986969
0.0160000000000136 1.84377258130722
0.0164000000000144 1.86955927219446
0.0168000000000154 1.94400080574695
0.0172000000000165 1.9522356274551
0.0176000000000163 1.96212399536885
0.0180000000000159 1.94345846194589
0.0184000000000163 1.93894874640716
0.0188000000000162 1.99649478515169
0.0192000000000178 2.04481903480337
0.0196000000000185 2.03715570952769
0.0200000000000181 2.13992575027624
0.0204000000000182 2.21787181982939
0.0208000000000181 2.29301713552954
0.0212000000000191 2.3431313559388
0.0216000000000201 2.36078801213285
0.0220000000000209 2.35083983640504
0.0224000000000202 2.39873041497608
0.022800000000021 2.38869793594984
0.0232000000000213 2.3616253061528
0.0236000000000219 2.38068668805953
0.0240000000000226 2.42986797776207
0.0244000000000227 2.45131935458376
0.0248000000000226 2.55747692502601
0.0252000000000222 2.65237367548312
0.025600000000023 2.67417582166161
0.0260000000000231 2.80003205663422
0.0264000000000233 2.82300410555048
0.0268000000000226 2.73739374827912
0.0272000000000219 2.77324111569677
0.0276000000000208 2.8110147204785
0.0280000000000204 2.69466536857113
0.0284000000000205 2.8337847177483
0.0288000000000196 2.80349607127751
0.0292000000000184 2.88025772281034
0.0296000000000166 2.94912078751249
0.0300000000000148 2.98954075631524
0.0304000000000128 3.10276254324158
0.0308000000000114 3.11560441732898
0.0312000000000096 3.19170484210225
0.0316000000000062 3.12657240638855
0.0320000000000036 3.11435308934314
0.0324000000000008 3.18027450519598
0.0327999999999987 3.11967723776157
0.0331999999999959 3.14510300004631
0.0335999999999918 3.14083367993044
0.0339999999999877 3.21468392862033
0.0343999999999839 3.27149910265156
0.0347999999999811 3.30540422781482
0.0351999999999777 3.43869854797038
0.0355999999999743 3.47808400137514
0.0359999999999698 3.4951618480378
0.0363999999999668 3.51260875631533
0.0367999999999632 3.50593189063329
0.0371999999999594 3.44234071151588
0.0375999999999552 3.51721232311844
0.0379999999999518 3.50766440008656
0.038399999999948 3.51703007272469
0.0387999999999449 3.56427996902711
0.0391999999999396 3.60477313605518
0.0395999999999362 3.73125335216379
0.0399999999999333 3.80674059938036
0.0403999999999291 3.82316982385981
0.0407999999999239 3.84165585949672
0.0411999999999206 3.91414440698548
0.0415999999999171 3.91419383635284
0.041999999999914 3.81747751125814
0.0423999999999092 3.82293004591524
0.042799999999906 3.80485140704151
0.0431999999999023 3.80977982424183
0.0435999999998984 3.8579248821054
0.0439999999998928 3.9285833326979
0.0443999999998898 3.87333051233894
0.0447999999998866 4.00000347831753
0.0451999999998828 4.10386257143772
0.0455999999998777 4.05355614620811
0.0459999999998743 4.11008644203598
0.0463999999998723 4.13376417539792
0.046799999999868 4.07102305286736
0.0471999999998637 4.16507467928224
0.0475999999998593 4.07484570649965
0.0479999999998567 4.06723643144478
0.0483999999998519 4.19392583929999
0.0487999999998482 4.22194372628429
0.0491999999998442 4.25515727891541
0.0495999999998416 4.27960424911349
0.0499999999998373 4.33926479764024
0.0503999999998329 4.44648990171373
0.0507999999998281 4.42260220398169
0.0511999999998255 4.39577898844743
0.0515999999998218 4.45327171698661
0.0519999999998182 4.4678577609227
0.0523999999998134 4.44798234303632
0.0527999999998101 4.44548011214437
0.0531999999998059 4.42727299493373
0.0535999999998025 4.50122468189534
0.0539999999997975 4.52304976828329
0.0543999999997943 4.56795243750918
0.05479999999979 4.67352042858126
0.0551999999997869 4.66775284046514
0.0555999999997827 4.71948315888265
0.0559999999997793 4.8385319283735
0.0563999999997769 4.76730879589676
0.0567999999997723 4.71188317101015
0.057199999999767 4.66688565791298
0.0575999999997636 4.76286186558696
0.0579999999997605 4.76255042174655
0.0583999999997566 4.68473223982384
0.0587999999997518 4.67565874691474
0.0591999999997482 4.70949346030468
0.0595999999997448 4.72175038725036
0.0599999999997414 4.75016114888537
0.0603999999997369 4.77742193386596
0.0607999999997332 4.72368329379877
0.0611999999997303 4.77728342104853
0.0615999999997255 4.7862981342006
0.0619999999997211 4.70100607721944
0.0623999999997157 4.69883887743014
0.0627999999997131 4.61392728770261
0.0631999999997089 4.62390254124748
0.0635999999997038 4.56506166812486
0.0639999999996979 4.38122591806391
0.064399999999694 4.28591460259145
0.0647999999996894 4.18623240825596
0.0651999999996846 4.02834064893268
0.0655999999996784 3.79932723618889
0.0659999999996734 3.62507699508967
0.066399999999667 3.47176009789423
0.0667999999996608 3.34262858925573
0.0671999999996531 3.14499440098133
0.0675999999996469 2.96572649882767
0.0679999999996397 2.83642549937836
0.0683999999996335 2.86090111910255
0.0687999999996243 2.79276952526423
0.0691999999996179 2.70094029227277
0.0695999999996107 2.72447078323615
0.0699999999996033 2.67024299033678
0.0703999999995943 2.66743789635703
0.0707999999995874 2.50252440826213
0.0711999999995799 2.49371195071943
0.0715999999995722 2.43037087632591
0.071999999999563 2.36730416182894
0.0723999999995546 2.30156220639362
0.0727999999995474 2.25761742434187
0.0731999999995387 2.21054749028687
0.0735999999995302 2.2599701601812
0.0739999999995225 2.22942436553439
0.0743999999995159 2.19239989152166
0.0747999999995079 2.34650627927395
0.0751999999995 2.25289557717445
0.0755999999994908 2.30627165596206
0.0759999999994838 2.27358468316982
0.0763999999994751 2.13477483655419
0.0767999999994677 2.10192750761687
0.0771999999994582 2.02506490459926
0.0775999999994513 1.93307958515043
0.0779999999994426 1.80274685688775
0.0783999999994359 1.8858748025891
0.078799999999427 1.89264644975506
0.0791999999994195 1.73210395071206
0.0795999999994106 1.75570070674017
0.0799999999994029 1.75258402948091
0.0803999999993942 1.55643268283854
0.0807999999993872 1.55942248485899
0.0811999999993783 1.41344627304701
0.0815999999993708 1.27071194871976
0.0819999999993619 1.26357638634288
0.0823999999993544 1.29019547094021
0.082799999999346 1.3136921898074
0.0831999999993385 1.39447747563643
0.0835999999993296 1.38322292876853
0.0839999999993229 1.56685803210547
0.084399999999315 1.51280972432672
0.0847999999993073 1.58914705420415
0.0851999999992986 1.53583013475124
0.0855999999992904 1.51450521813858
0.0859999999992832 1.32815621483311
0.0863999999992747 1.22830767257771
0.0867999999992663 1.32831339398361
0.0871999999992578 1.15510520157723
0.0875999999992501 1.08083831215667
0.0879999999992424 1.23517633487701
0.0883999999992345 1.2119319715181
0.0887999999992258 1.28899816155623
0.0891999999992191 1.27953355274692
0.0895999999992101 1.30571576523223
0.0899999999992019 1.30428486515063
0.0903999999991927 1.31521335714101
0.0907999999991855 1.26890772954951
0.0911999999991771 1.17093679350583
0.0915999999991704 1.16384354216692
0.091999999999161 1.03125144470376
0.092399999999154 1.1358411688404
0.0927999999991461 1.20714881214672
0.0931999999991384 1.2125702487443
0.0935999999991297 1.24980581398989
0.0939999999991217 1.27783461302915
0.0943999999991138 1.36520235465039
0.0947999999991068 1.27781465256717
0.0951999999990979 1.33303711785503
0.0955999999990902 1.17862731226123
0.095999999999082 1.16190696621954
0.0963999999990738 1.17858909406066
0.0967999999990641 1.10789645562964
0.0971999999990574 0.995717586657716
0.0975999999990495 1.12779018368506
0.097999999999042 1.15847842458764
0.0983999999990331 1.21450597226914
0.0987999999990254 1.21100453768456
0.0991999999990179 1.37095054998235
0.099599999999009 1.34894826914434
0.0999999999989988 1.29243267409844
0.10039999999899 1.2350103158733
0.100799999998983 1.23124824361202
0.101199999998974 1.07362036015702
0.101599999998965 1.12304098141321
0.101999999998955 1.07656616512037
0.102399999998947 0.991005269945603
0.102799999998936 1.01289254734071
0.103199999998925 1.02861852287001
0.103599999998913 1.09992117807343
0.103999999998903 1.05322514829853
0.104399999998892 0.950864473626907
0.104799999998882 0.923442818978322
0.105199999998869 1.04415655277276
0.105599999998859 0.879669232139778
0.105999999998847 0.80974943543804
0.106399999998835 0.814961061890724
0.106799999998821 0.78411698628301
0.107199999998811 0.816936223975437
0.107599999998798 0.791329151230451
0.107999999998787 0.907786076943556
0.108399999998774 0.836923076543188
0.108799999998762 1.00609607958496
0.109199999998749 0.941482018875717
0.109599999998738 0.87290333193927
0.109999999998724 0.822897436937672
0.110399999998713 0.788173548381581
0.1107999999987 0.715845151360091
0.111199999998688 0.784531395014316
0.111599999998676 0.778274304145208
0.111999999998663 0.764864969190311
0.112399999998652 0.710572356686376
0.11279999999864 0.887266427057817
0.113199999998626 1.00594619822707
0.113599999998614 0.901272977818177
0.113999999998602 0.964286874554696
0.114399999998591 0.935398109588752
0.114799999998578 0.838508056945784
0.115199999998566 0.704469684922954
0.115599999998554 0.631691587518298
0.115999999998542 0.730123586544223
0.116399999998529 0.807249049586419
0.116799999998517 0.79990746528234
0.117199999998505 0.802564482736
0.117599999998492 0.807375926315357
0.117999999998481 0.934920557277583
0.118399999998467 0.774979194644529
0.118799999998456 0.696386543390936
0.119199999998443 0.674252156632278
0.119599999998432 0.766262456861491
0.119999999998419 0.748067097271576
0.120399999998407 0.672410594471925
0.120799999998394 0.691436436077172
0.121199999998383 0.725129106575638
0.121599999998371 0.708585996684951
0.121999999998359 0.691724224035689
0.122399999998346 0.79699455758245
0.122799999998335 0.829582497941229
0.123199999998321 0.846170456398406
0.123599999998309 0.702508182941043
0.123999999998296 0.856563967661761
0.124399999998285 0.722265535483933
0.124799999998272 0.716252428726001
0.12519999999826 0.68113439239896
0.125599999998248 0.595531667907346
0.125999999998236 0.705660820008798
0.126399999998224 0.703049065969945
0.126799999998212 0.690148513510335
0.127199999998199 0.654292928282027
0.127599999998187 0.907863827980651
0.127999999998174 0.87024488081947
0.128399999998162 0.723170435628789
0.12879999999815 0.672874137455315
0.129199999998138 0.657032160859209
0.129599999998126 0.56120624740637
0.129999999998114 0.480021005371013
0.130399999998101 0.441783480567258
0.130799999998089 0.631537135271231
0.131199999998077 0.762539209872995
0.131599999998064 0.742967194661592
0.131999999998052 0.670748687233108
0.13239999999804 0.750922139257294
0.132799999998029 0.775926825408502
0.133199999998015 0.752992196418904
0.133599999998004 0.701090536422584
0.133999999997991 0.766592046891632
0.13439999999798 0.775498831815863
0.134799999997966 0.614213306090434
0.135199999997955 0.550499910670955
0.135599999997942 0.514917096928429
0.135999999997931 0.595656707723489
0.136399999997918 0.626305978992894
0.136799999997905 0.690738026943281
0.137199999997893 0.68897934416913
0.137599999997882 0.719046604278305
0.137999999997868 0.680967941360961
0.138399999997856 0.653636484317007
0.138799999997844 0.656642034062826
0.139199999997833 0.652598457402207
0.13959999999782 0.602537064091034
0.139999999997807 0.510528401725434
0.140399999997795 0.481473361269801
0.140799999997783 0.529554274838446
0.141199999997771 0.558356218478266
0.141599999997759 0.461516481489539
0.141999999997746 0.510694004477667
0.142399999997734 0.58661402846345
0.142799999997722 0.624724403391436
0.14319999999771 0.61694038100674
0.143599999997698 0.595540754308904
0.143999999997686 0.690420494361221
0.144399999997674 0.458669571500369
0.144799999997661 0.464866950659917
0.14519999999765 0.457146593569548
0.145599999997636 0.449210310036701
0.145999999997625 0.486275484212382
0.146399999997611 0.487057610774188
0.1467999999976 0.513831243203457
0.147199999997587 0.549194656759971
0.147599999997576 0.466921387596539
0.147999999997562 0.557612204283709
0.148399999997551 0.513825396564279
0.148799999997539 0.452852366779912
0.149199999997527 0.523432110274657
0.149599999997514 0.380206629091043
0.149999999997503 0.397576016295181
0.150399999997489 0.461747671162219
0.150799999997478 0.529233217000844
0.151199999997465 0.548151415358394
0.151599999997454 0.474621193698801
0.151999999997441 0.660803668888419
0.152399999997428 0.594143856335091
0.152799999997416 0.498523234211911
0.153199999997404 0.548930099922082
0.153599999997392 0.390991424418112
0.153999999997379 0.389043849253482
0.154399999997367 0.309569012299216
0.154799999997355 0.302212912962472
0.155199999997343 0.470006678877821
0.155599999997331 0.415807302243572
0.155999999997318 0.460140992276049
0.156399999997306 0.492381897337505
0.156799999997294 0.64043579059293
0.157199999997281 0.627699630739955
0.157599999997269 0.634841282424379
0.157999999997258 0.52849076712386
0.158399999997245 0.535999726461105
0.158799999997233 0.498668774219703
0.15919999999722 0.404364129122443
0.159599999997208 0.396188309593335
0.159999999997196 0.348540480374531
0.160399999997184 0.421125523825631
0.160799999997172 0.421405343503003
0.16119999999716 0.439238408265927
0.161599999997148 0.426630119558844
0.161999999997134 0.468537367781555
0.162399999997122 0.398538355276315
0.162799999997111 0.434995063145392
0.163199999997099 0.35612903026727
0.163599999997086 0.357702130287763
0.163999999997074 0.323273071149316
0.164399999997062 0.360586579698021
0.16479999999705 0.277000796345708
0.165199999997037 0.419597932274651
0.165599999997025 0.392161955697003
0.165999999997013 0.343074486195371
0.166399999997001 0.35410048887218
0.166799999996988 0.316457102085226
0.167199999996975 0.320203112027936
0.167599999996963 0.29588554501509
0.167999999996952 0.249286260788993
0.168399999996939 0.182769664346637
0.168799999996927 0.131585505036411
0.169199999996914 0.245124457535915
0.169599999996903 0.211369585183744
0.16999999999689 0.209720090984855
0.170399999996878 0.361341469360593
0.170799999996865 0.36421593273773
0.171199999996854 0.294812862737665
0.171599999996841 0.360223099074247
0.171999999996829 0.31373460001769
0.172399999996816 0.23046004830535
0.172799999996805 0.205683757269365
0.173199999996792 0.212174125461637
0.17359999999678 0.283387035587497
0.173999999996768 0.272655095861828
0.174399999996755 0.369462276451321
0.174799999996744 0.209633404442876
0.175199999996731 0.271642742314884
0.175599999996719 0.1811523106434
0.175999999996707 0.217908677657625
0.176399999996695 0.20351001285597
0.176799999996682 0.197702890575037
0.17719999999667 0.314632538222609
0.177599999996658 0.211391777016243
0.177999999996646 0.111622847351255
0.178399999996633 0.161561303921838
0.178799999996622 0.131993088997827
0.179199999996609 0.296427166270466
0.179599999996597 0.233155481824012
0.179999999996584 0.294733422921295
0.180399999996572 0.31084302769028
0.18079999999656 0.28314125475863
0.181199999996548 0.28660327454955
0.181599999996535 0.151100112758244
0.181999999996524 0.179511090765838
0.182399999996511 0.231669403425616
0.182799999996499 0.196342521237534
0.183199999996487 0.254611080122231
0.183599999996475 0.293412314832856
0.183999999996461 0.316991382924952
0.18439999999645 0.156940697001432
0.184799999996438 0.134959831832955
0.185199999996425 0.2340207702864
0.185599999996413 0.176643289063033
0.185999999996401 0.215926274794266
0.186399999996389 0.179692056058712
0.186799999996377 0.266135688621224
0.187199999996364 0.349733780520986
0.187599999996352 0.190834343751833
0.187999999996339 0.178604872147571
0.188399999996327 0.240366801029766
0.188799999996315 0.299065915070758
0.189199999996303 0.275741789024597
0.189599999996291 0.190778020898149
0.189999999996279 0.280466501097701
0.190399999996266 0.190307254279831
0.190799999996254 0.163119040802155
0.191199999996243 0.140939158207583
0.19159999999623 0.105835752168551
0.191999999996218 0.239769786596327
0.192399999996206 0.152786606880631
0.192799999996194 0.119438118553099
0.193199999996181 0.268296958872413
0.193599999996169 0.233688992721201
0.193999999996157 0.261467802970559
0.194399999996145 0.188347591590958
0.194799999996131 0.224175372584928
0.19519999999612 0.1830942615832
0.195599999996108 0.0638559045909802
