# Fix print output for fix out1
-1.53827695907382e-16 -0.400308876136335
0.000199999999999913 -0.101507985067046
0.00039999999999998 0.183098976370239
0.00059999999999974 0.00420010203454612
0.000799999999999807 -0.138468654201095
0.000999999999999874 -0.143577625864333
0.00119999999999994 -0.0622747862181599
0.0013999999999997 0.0818077169945509
0.00159999999999977 0.029696616159305
0.00179999999999983 -0.0397858938821427
0.0019999999999999 -0.228000698237071
0.00219999999999997 -0.0510213764699676
0.00239999999999973 0.110330948498395
0.00259999999999979 0.309148721001895
0.00279999999999986 -0.0819365077292019
0.00299999999999993 -0.189976819060315
0.0032 -0.046949608927752
0.00339999999999976 0.0489073538688876
0.00359999999999982 0.496595717911126
0.00379999999999989 0.322439706295502
0.00399999999999996 -0.367474082070284
0.00419999999999972 -0.0847227356094034
0.00439999999999978 0.0999720548263063
0.00459999999999985 0.516215767487215
0.00479999999999992 0.391904181145158
0.00499999999999998 -0.115974941417621
0.00519999999999974 0.115310066708621
0.00539999999999981 0.293977122483707
0.00559999999999988 0.260099975988988
0.00579999999999994 0.398223182955669
0.0059999999999997 0.0366710068955286
0.00619999999999977 -0.0332974600958553
0.00639999999999984 0.116080882275384
0.0065999999999999 0.432157265476083
0.00679999999999997 0.570803884250331
0.00699999999999973 0.288101622642497
0.0071999999999998 0.498345430410158
0.00739999999999987 0.278706162620221
0.00759999999999993 0.0301022655051774
0.00779999999999969 0.729106045417357
0.00799999999999976 0.724647693673727
0.00819999999999983 0.362806867472506
0.00839999999999989 0.242378052804398
0.00859999999999996 0.159371679096675
0.00879999999999972 0.64870543869338
0.00899999999999979 0.559457588085978
0.00919999999999985 0.30293298162349
0.00939999999999992 0.116740476854434
0.00959999999999999 0.305119222184409
0.00979999999999975 0.46035035230939
0.00999999999999981 0.659781301418244
0.0101999999999999 0.485152909461875
0.0103999999999999 0.362437611035968
0.0105999999999997 0.342566176192927
0.0107999999999998 0.6494250550425
0.0109999999999998 0.6076797126745
0.0111999999999999 0.403879361994455
0.0114 0.303858134082368
0.0115999999999997 0.404815688334675
0.0117999999999998 0.523825894549135
0.0119999999999999 0.736150087113759
0.0121999999999999 0.635879091991247
0.0123999999999997 0.673376013391982
0.0125999999999998 0.576504538464607
0.0127999999999998 0.377471930142769
0.0129999999999999 0.869232734721069
0.0132 0.804704031686458
0.0133999999999997 0.471558090165017
0.0135999999999998 0.53962597580224
0.0137999999999999 0.675531470956082
0.0139999999999999 0.62906715020587
0.0142 0.581233090704415
0.0143999999999997 0.709315207455598
0.0145999999999998 0.762177262247976
0.0147999999999999 0.575685827243187
0.015 0.477935383270865
0.0151999999999997 0.843387739925618
0.0153999999999998 0.94925064906288
0.0155999999999998 0.94552023427008
0.0157999999999999 0.738221021366026
0.016 0.521479813547107
0.0161999999999997 0.501955854927795
0.0163999999999998 0.723666454558966
0.0165999999999999 1.07876520233824
0.0167999999999999 1.09073940589834
0.0169999999999997 0.758357115889157
0.0171999999999998 0.479801073184839
0.0173999999999998 0.612270369084582
0.0175999999999999 1.24231632474167
0.0178 1.06196014738558
0.0179999999999997 0.868926491088814
0.0181999999999998 0.809308950291022
0.0183999999999999 0.686873818087814
0.0185999999999999 1.17365571125996
0.0188 0.988833810488368
0.0189999999999998 0.555802597634264
0.0191999999999998 1.03339172027687
0.0193999999999999 0.876383907713134
0.0196 0.998188343410686
0.0197999999999997 1.11199540644638
0.0199999999999998 0.797899398399607
0.0201999999999999 0.937831152592048
0.0203999999999999 1.09307570737058
0.0206 0.974814382321849
0.0207999999999997 0.810964481290315
0.0209999999999998 0.907717407379492
0.0211999999999999 1.08739487657322
0.0213999999999999 1.13867970219264
0.0215999999999997 1.08907596395623
0.0217999999999998 0.808947890235648
0.0219999999999998 0.766248490663907
0.0221999999999999 1.24409950717573
0.0224 1.29442082001581
0.0225999999999997 1.26280148436762
0.0227999999999998 0.982765364927195
0.0229999999999999 0.799018642329995
0.0231999999999999 1.0355842489868
0.0234 1.37194332470223
0.0235999999999998 1.60099926622799
0.0237999999999998 1.06688000134873
0.0239999999999999 0.788398962869834
0.0242 1.07962376633622
0.0243999999999997 1.06875190252523
0.0245999999999998 1.25376203014017
0.0247999999999999 1.50022668614035
0.0249999999999999 1.36569673074635
0.0252 1.26234713061018
0.0253999999999997 0.921265492380332
0.0255999999999998 1.17555955094755
0.0257999999999999 1.47875353056267
0.0259999999999999 1.10987478242332
0.0261999999999997 1.1553593407599
0.0263999999999998 1.29710786865522
0.0265999999999998 0.975513354442748
0.0267999999999999 1.3559554640131
0.027 1.50147003200026
0.0271999999999997 1.21645257502521
0.0273999999999998 1.3919432055646
0.0275999999999999 1.30798531671862
0.0277999999999999 1.08767242652035
0.0279999999999997 1.44448159541183
0.0281999999999998 1.52946317916523
0.0283999999999998 1.22518798956695
0.0285999999999999 1.42111867598683
0.0288 1.37821333465709
0.0289999999999997 1.51536038994327
0.0291999999999998 1.29243748036765
0.0293999999999999 1.21413669856006
0.0295999999999999 1.30558442709564
0.0298 1.28417877656229
0.0299999999999997 1.30356682704019
0.0301999999999998 1.53020079949253
0.0303999999999999 1.50093870138213
0.0306 1.31717494887499
0.0307999999999997 1.47523041903086
0.0309999999999998 1.48963418899489
0.0311999999999998 1.44931305101117
0.0313999999999999 1.86233438182073
0.0316 1.43899030449144
0.0317999999999997 0.900056770649296
0.0319999999999998 1.56150524878024
0.0321999999999999 1.54512648959477
0.0323999999999999 1.49491247979177
0.0325999999999997 1.56120704156953
0.0327999999999998 1.36452029290566
0.0329999999999998 1.19551641781273
0.0331999999999999 1.40411216722974
0.0334 1.88234160610232
0.0335999999999997 1.79241676203124
0.0337999999999998 1.3210334453158
0.0339999999999999 1.26181331910276
0.0341999999999999 1.02814604908413
0.0343999999999997 1.67514780816079
0.0345999999999998 1.71935341880345
0.0347999999999998 1.7070438693874
0.0349999999999999 1.69164194217458
0.0352 1.18550727299687
0.0353999999999997 1.43774805624596
0.0355999999999998 1.96511776662607
0.0357999999999998 1.6993685043325
0.0359999999999999 1.62476789690858
0.0362 1.41874304498582
0.0363999999999997 1.43725866210726
0.0365999999999998 1.77371490240014
0.0367999999999999 1.94640122375395
0.0369999999999999 1.63908197061308
0.0371999999999997 1.15717861286893
0.0373999999999998 1.0615826835527
0.0375999999999998 1.64679836832614
0.0377999999999999 1.9959125548131
0.038 1.79612078240416
0.0381999999999997 1.50775478803547
0.0383999999999998 1.45736985778683
0.0385999999999999 1.58709454652079
0.0387999999999999 1.57716623140795
0.0389999999999997 1.81624382324637
0.0391999999999998 1.59153182465579
0.0393999999999998 1.20904289062996
0.0395999999999999 1.79486989175066
0.0398 1.96494321229539
0.0399999999999997 1.55357939415093
0.0401999999999998 1.70242769125374
0.0403999999999999 1.52068057489356
0.0405999999999999 1.23835680686015
0.0408 1.75190150913105
0.0409999999999997 2.07271837386398
0.0411999999999998 1.70056910056097
0.0413999999999999 1.37902888805837
0.0415999999999999 1.50144953929709
0.0417999999999997 1.75605254397482
0.0419999999999998 2.01099934388752
0.0421999999999998 1.84157491259429
0.0423999999999999 1.55747091770595
0.0426 1.5701837121144
0.0427999999999997 1.36715600547924
0.0429999999999998 1.96392056241112
0.0431999999999999 2.19439851023846
0.0433999999999999 1.71295012633817
0.0435999999999997 1.70332853605802
0.0437999999999998 1.68306034269495
0.0439999999999998 1.59885726064273
0.0441999999999999 1.68260227198818
0.0444 1.76671132992619
0.0445999999999997 1.81051566598619
0.0447999999999998 1.84382889777254
0.0449999999999999 1.556923900185
0.0451999999999999 1.4814416999423
0.0454 1.98318013123454
0.0455999999999997 1.92785930406915
0.0457999999999998 1.40246264242442
0.0459999999999999 1.62412628020756
0.0461999999999999 1.81986159870305
0.0463999999999997 1.69715143947328
0.0465999999999998 1.71403851426427
0.0467999999999998 1.66584871093702
0.0469999999999999 1.6912214966629
0.0472 1.93028203577151
0.0473999999999997 1.88230769719582
0.0475999999999998 1.8921950942548
0.0477999999999999 1.74476616556183
0.0479999999999999 1.75605142762922
0.0481999999999997 1.56685599832341
0.0483999999999998 1.57819285749903
0.0485999999999998 2.20021685906303
0.0487999999999999 2.30069158893611
0.049 1.91804877384212
0.0491999999999997 1.73352726135306
0.0493999999999998 1.48742583204195
0.0495999999999999 1.62877567211443
0.0497999999999999 1.97223767550571
0.05 2.13482596913147
0.0501999999999998 1.69129508937534
0.0503999999999998 1.75809398247244
0.0505999999999999 2.10956831685274
0.0507999999999999 1.5589433062927
0.0509999999999997 1.56276668962831
0.0511999999999998 2.34230919801845
0.0513999999999998 2.290097777376
0.0515999999999999 1.62533095963017
0.0518 1.70976329325708
0.0519999999999997 1.88113038467104
0.0521999999999998 1.85245511972269
0.0523999999999999 1.94926534333917
0.0525999999999999 2.17198857157686
0.0527999999999997 1.94731557187156
0.0529999999999998 1.79035681697152
0.0531999999999998 1.91134176455476
0.0533999999999999 1.70910839874228
0.0536 2.12699324745265
0.0537999999999997 2.52433526121484
0.0539999999999998 1.80833639819409
0.0541999999999999 1.45163079461525
0.0543999999999999 2.00268482268784
0.0546 2.10847540393355
0.0547999999999998 1.83497271865043
0.0549999999999998 2.11429727737867
0.0551999999999999 2.03981900842958
0.0554 1.75241130954139
0.0555999999999997 1.59418277479326
0.0557999999999998 1.65445618702406
0.0559999999999998 1.68462075758681
0.0561999999999999 1.83300757072318
0.0564 2.41210262329421
0.0565999999999997 2.43664300577214
0.0567999999999998 1.78395059267659
0.0569999999999999 1.24690373917208
0.0571999999999999 1.49733189338042
0.0573999999999997 1.98413023808821
0.0575999999999998 2.27427572255399
0.0577999999999998 2.33563293763133
0.0579999999999999 1.85337039875797
0.0582 1.3162293757667
0.0583999999999997 1.44324952465674
0.0585999999999998 2.23446115300668
0.0587999999999999 2.28926117679342
0.0589999999999999 1.8709248583577
0.0591999999999997 1.5572591486018
0.0593999999999998 1.81762336322156
0.0595999999999998 1.97629407153806
0.0597999999999999 1.93109435426246
0.06 2.04084771482655
0.0601999999999997 2.44407701137395
0.0603999999999998 1.45901478679456
0.0605999999999999 1.0999442012865
0.0607999999999999 2.13179672330508
0.0609999999999997 2.38841353870184
0.0611999999999997 1.93672524954353
0.0613999999999998 1.70456316385606
0.0615999999999999 1.73220494455154
0.0617999999999999 1.88677651051227
0.0619999999999997 1.97278599107245
0.0621999999999998 1.9508485424963
0.0623999999999998 2.00014061011668
0.0625999999999999 1.80582245547562
0.0628 1.47130151630533
0.0629999999999997 1.80185738659367
0.0631999999999998 2.12672678302613
0.0633999999999999 1.77529068934491
0.0635999999999999 1.93686789200933
0.0637999999999997 2.32542508874786
0.0639999999999998 1.75170056384448
0.0641999999999998 1.5556866151941
0.0643999999999999 1.96605008119721
0.0646 2.08335632310322
0.0647999999999997 1.46658798963792
0.0649999999999998 1.47924421990273
0.0651999999999999 2.1502598295292
0.0653999999999999 2.07701324450988
0.0655999999999997 1.53514377433079
0.0657999999999997 1.87006942501862
0.0659999999999998 2.11615393271291
0.0661999999999999 1.76863690135898
0.0663999999999999 1.70409915576448
0.0665999999999997 1.96596753424437
0.0667999999999998 1.99834223336505
0.0669999999999999 1.83490798310592
0.0671999999999999 1.70623396738414
0.0674 1.90785343183629
0.0675999999999997 1.88155336720542
0.0677999999999998 1.79792154305119
0.0679999999999999 2.06281228971898
0.0681999999999999 2.25811818950552
0.0683999999999997 1.74193078664715
0.0685999999999998 1.53069963285705
0.0687999999999998 1.72585457837089
0.0689999999999999 1.98977210234587
0.0692 1.89515010802837
0.0693999999999997 2.00180280364874
0.0695999999999998 1.85594559416072
0.0697999999999999 1.42999256661512
0.0699999999999999 1.53560749128058
0.0701999999999997 2.04383980816208
0.0703999999999998 1.95166987059943
0.0705999999999998 1.6548783680581
0.0707999999999999 1.52074575530599
0.071 1.74450977068256
0.0711999999999997 2.04430813132583
0.0713999999999998 1.84147498051143
0.0715999999999998 1.41716163241649
0.0717999999999999 1.4971279275481
0.072 1.8992892060566
0.0721999999999997 1.63942580421838
0.0723999999999998 1.55573763908485
0.0725999999999999 2.23300184532846
0.0727999999999999 2.02531450728303
0.0729999999999997 1.59418770256601
0.0731999999999998 1.1652244457254
0.0733999999999998 1.55427001164983
0.0735999999999999 1.84085722201796
0.0738 1.81947212506725
0.0739999999999997 1.73574499367979
0.0741999999999998 1.67885478321407
0.0743999999999999 1.27925549473671
0.0745999999999999 1.22585522150914
0.0747999999999997 1.40234331561941
0.0749999999999998 1.55167678467986
0.0751999999999998 1.58590128041332
0.0753999999999999 1.31334513784957
0.0756 1.01073639775341
0.0757999999999997 0.712766648313922
0.0759999999999998 0.868606586886892
0.0761999999999999 0.934316714122634
0.0763999999999999 0.560013430625737
0.0766 0.429717051797288
