# Fix print output for fix out1
-1.25394885376787e-16 0.0776284431486271
0.000400000000005137 0.253716573222686
0.000800000000009898 0.494465855568568
0.00120000000001366 0.507357282396044
0.00160000000001854 0.51181473878199
0.00200000000002318 0.628166664382528
0.00240000000002794 0.73375765081467
0.00280000000003207 0.738159440032959
0.00320000000003683 0.821701509925535
0.00360000000004159 0.954655871993241
0.0040000000000461 0.911095224625393
0.00440000000005099 0.915759600818364
0.00480000000005575 0.920004179721231
0.00520000000005976 0.931329987699159
0.00560000000006452 0.971522665283009
0.00600000000006953 1.05683642183166
0.00640000000007417 1.05812437409815
0.00680000000007843 1.2481286073191
0.00720000000008331 1.21747592793014
0.0076000000000882 1.32401215887564
0.00800000000009321 1.27295224030964
0.00840000000009747 1.37063232505447
0.00880000000010185 1.41411567215515
0.00920000000010611 1.3302249680934
0.00960000000011125 1.44349920086521
0.0100000000001161 1.50624642363589
0.0104000000001201 1.43613043976069
0.0108000000001243 1.58018547353946
0.01120000000013 1.67602001483573
0.0116000000001344 1.638737293762
0.0120000000001392 1.72922751323114
0.0124000000001441 1.74135132749941
0.012800000000148 1.81148341567303
0.0132000000001528 1.81668273660497
0.0136000000001577 1.84378744131972
0.0140000000001624 1.83737809043398
0.0144000000001663 1.85681459318742
0.0148000000001718 1.96096898629939
0.0152000000001765 1.89711883331808
0.0156000000001812 1.9671322122141
0.0160000000001857 2.12404274750678
0.0164000000001899 2.19594597984626
0.0168000000001944 2.20610207470127
0.0172000000001993 2.23774205882726
0.0176000000002046 2.29834715467553
0.0180000000002083 2.28256416352619
0.0184000000002125 2.28209106154674
0.0188000000002179 2.36850426448557
0.0192000000002226 2.31373344682057
0.0196000000002271 2.38537390184189
0.0200000000002323 2.49687011642169
0.020400000000236 2.5049331538761
0.0208000000002409 2.57397447503179
0.0212000000002458 2.57691839149232
0.0216000000002503 2.66205418186321
0.0220000000002545 2.72601561951637
0.02240000000026 2.80493188991737
0.0228000000002646 2.73838142227812
0.023200000000269 2.73358731426912
0.0236000000002735 2.73467692547182
0.0240000000002779 2.81740734910102
0.0244000000002825 2.82147509776989
0.0248000000002877 2.8224502328052
0.0252000000002927 2.90381293791605
0.0256000000002963 3.03640066693544
0.0260000000003008 2.97690996529814
0.0264000000003062 3.00694499649077
0.0268000000003108 3.19787062271189
0.0272000000003152 3.10781350636571
0.0276000000003204 3.04168371563397
0.0280000000003241 3.14120575461804
0.0284000000003292 3.19200742243303
0.028800000000334 3.13612954071239
0.0292000000003383 3.23885389025744
0.0296000000003425 3.2609300206677
0.030000000000348 3.3167413545357
0.0304000000003525 3.41599725748967
0.0308000000003569 3.41880026208223
0.0312000000003617 3.44626195193284
0.0316000000003662 3.46548056948811
0.0320000000003706 3.41467498415055
0.0324000000003756 3.47909202777347
0.0328000000003805 3.42658417909614
0.0332000000003846 3.49788849658525
0.033600000000389 3.52081675570809
0.0340000000003944 3.49528403917137
0.0344000000003989 3.55022902879743
0.0348000000004033 3.62348883515029
0.0352000000004084 3.67181063378191
0.0356000000004122 3.63942248496209
0.0360000000004171 3.80835091052976
0.036400000000422 3.73899821719824
0.0368000000004265 3.76451375074518
0.0372000000004305 3.78986099366348
0.0376000000004357 3.79732542143401
0.0380000000004401 3.84938452725058
0.0384000000004451 3.83166541684932
0.0388000000004496 3.91220644986677
0.0392000000004543 3.91017734921855
0.0396000000004584 3.97674068431439
0.0400000000004637 3.96323882082782
0.0404000000004684 3.98406343584619
0.0408000000004726 3.93134543784709
0.0412000000004771 3.905948087581
0.0416000000004823 3.90273378012912
0.0420000000004868 3.86620126863977
0.0424000000004916 3.81766763179667
0.0428000000004964 3.85299331402117
0.0432000000005001 3.96338321669715
0.0436000000005054 3.84727641385568
0.0440000000005103 3.9572891819133
0.0444000000005149 4.04385665141558
0.0448000000005187 4.06234386165937
0.0452000000005237 4.07085034292003
0.0456000000005286 4.14264108227192
0.046000000000533 4.1453404293281
0.0464000000005375 4.16824059012124
0.0468000000005421 4.22979929194647
0.0472000000005465 4.10260088956749
0.0476000000005516 4.02261528495268
0.0480000000005564 4.1450185237442
0.0484000000005608 4.19002192394506
0.048800000000565 4.16903067764401
0.0492000000005702 4.30728935759917
0.0496000000005751 4.38975156135052
0.0500000000005798 4.45430829262312
0.0504000000005841 4.49989572838567
0.0508000000005886 4.45004492531868
0.0512000000005933 4.49841175398377
0.0516000000005982 4.48885475843242
0.0520000000006027 4.50591032212543
0.052400000000607 4.49150172303645
0.0528000000006113 4.44593504591786
0.0532000000006168 4.43387924498413
0.0536000000006212 4.59452538368568
0.0540000000006254 4.49951398509219
0.0544000000006303 4.62594091706976
0.0548000000006346 4.75046169863715
0.0552000000006398 4.76248299814475
0.0556000000006446 4.80338822803997
0.0560000000006492 4.76099120806916
0.0564000000006534 4.76323049248225
0.0568000000006582 4.83547292486281
0.0572000000006634 4.74992880720002
0.0576000000006678 4.72570547076615
0.0580000000006724 4.636694466341
0.0584000000006768 4.59896625266359
0.0588000000006814 4.68184281853982
0.0592000000006863 4.74433462365873
0.0596000000006909 4.74074685052213
0.0600000000006948 4.64028000174592
0.0604000000006995 4.80398112472857
0.0608000000007048 4.78651198432304
0.0612000000007095 4.74252676490033
0.0616000000007139 4.52560320469995
0.0620000000007188 4.46278031229394
0.0624000000007229 4.38861670964349
0.0628000000007278 4.17913623584193
0.0632000000007327 4.08719274092897
0.0636000000007368 3.91405583032538
0.0640000000007412 3.85747110384177
0.0644000000007468 3.76221013619759
0.0648000000007517 3.66996393689643
0.0652000000007558 3.69800247188076
0.0656000000007602 3.62106791507053
0.0660000000007646 3.64037862560177
0.0664000000007692 3.55156429133296
0.0668000000007744 3.50081106684557
0.067200000000779 3.47150425803197
0.0676000000007829 3.32602123140511
0.0680000000007875 3.12362457488373
0.0684000000007929 3.02414545399214
0.0688000000007976 2.83451336604882
0.0692000000008017 2.76966566570378
0.0696000000008071 2.60768713719953
0.0700000000008112 2.60283813535613
0.0704000000008159 2.51638154590941
0.0708000000008207 2.46561434156625
0.0712000000008249 2.36907817056408
0.0716000000008293 2.23842722912991
0.0720000000008346 2.04425475542021
0.072400000000839 1.90064799182893
0.0728000000008439 1.86469661537093
0.0732000000008483 1.6835734028993
0.0736000000008529 1.61863228421122
0.0740000000008571 1.65012407841987
0.0744000000008625 1.60422514754571
0.0748000000008668 1.62494179906353
0.0752000000008712 1.63696234633554
0.0756000000008759 1.66091240789566
0.0760000000008813 1.79693153035404
0.0764000000008859 1.84846843565373
0.0768000000008903 1.78539953344841
0.0772000000008949 1.70213396249251
0.0776000000008993 1.69629883671673
0.0780000000009042 1.58206103240061
0.0784000000009083 1.44125615159205
0.0788000000009129 1.38898019865613
0.0792000000009166 1.49646254176781
0.0796000000009222 1.50463517510112
0.0800000000009274 1.54294174297239
0.080400000000932 1.36878587780126
0.0808000000009364 1.42348403927868
0.081200000000941 1.57256541209026
0.0816000000009454 1.67443444060415
0.0820000000009505 1.5666749633895
0.0824000000009549 1.61995406432268
0.0828000000009591 1.51063996095486
0.0832000000009637 1.50920611897138
0.0836000000009691 1.36347578567595
0.0840000000009737 1.43927099250448
0.0844000000009783 1.53080121476471
0.0848000000009835 1.59264503613791
0.0852000000009874 1.60125757546924
0.0856000000009922 1.51662423166952
0.0860000000009969 1.67196060755367
0.086400000001001 1.70269857117144
0.0868000000010052 1.68789959753053
0.08720000000101 1.6495964875829
0.0876000000010152 1.6977675849923
0.0880000000010201 1.70332475000999
0.0884000000010242 1.58544463719489
0.0888000000010291 1.55620314033732
0.0892000000010332 1.54188127219335
0.0896000000010383 1.662120342613
0.0900000000010432 1.6225852309277
0.0904000000010471 1.66382967466843
0.090800000001052 1.64258901882681
0.0912000000010571 1.75178586520087
0.091600000001062 1.65169477886817
0.0920000000010667 1.59422873220181
0.0924000000010711 1.58031246138833
0.0928000000010749 1.61903659798794
0.0932000000010801 1.48358180336921
0.0936000000010847 1.35335581555356
0.0940000000010893 1.33946879596291
0.0944000000010932 1.27370228281779
0.0948000000010981 1.25737440536407
0.0952000000011037 1.27394782147729
0.0956000000011081 1.40986189748507
0.0960000000011123 1.42738393960354
0.0964000000011172 1.45555917558799
0.0968000000011213 1.47574127198466
0.0972000000011264 1.45380401722582
0.0976000000011311 1.48859697827781
0.0980000000011354 1.55049865109169
0.0984000000011401 1.58112557754117
0.098800000001145 1.5043366742253
0.0992000000011501 1.39952502241554
0.0996000000011547 1.4067233390805
0.100000000001159 1.43606897884375
0.100400000001163 1.30619516880227
0.100800000001168 1.4273115257689
0.101200000001173 1.56893964279973
0.101600000001178 1.51291468555388
0.102000000001182 1.59045481246722
0.102400000001186 1.49784953068228
0.102800000001192 1.37322424987882
0.103200000001196 1.27040366114404
0.1036000000012 1.21100314778498
0.104000000001205 1.25982458192284
0.10440000000121 1.2502238306278
0.104800000001215 1.2274676879352
0.105200000001219 1.27332412016191
0.105600000001224 1.2998107615068
0.106000000001228 1.47046501573702
0.106400000001233 1.49102010559973
0.106800000001238 1.48787405236751
0.107200000001243 1.55240661560948
0.107600000001247 1.53001170424029
0.108000000001251 1.39202652619483
0.108400000001256 1.37938896106634
0.108800000001261 1.30620180228427
0.109200000001266 1.12849550890989
0.10960000000127 1.10495108509122
0.110000000001274 1.12431661648976
0.11040000000128 1.2274334909395
0.110800000001284 1.29455810107265
0.111200000001289 1.25772269558841
0.111600000001294 1.27106979452814
0.112000000001298 1.1903491445426
0.112400000001303 1.14687066579309
0.112800000001307 1.10917949914644
0.113200000001312 1.01199351418456
0.113600000001316 0.805827108231341
0.114000000001322 0.825152064318216
0.114400000001326 0.685390943315771
0.114800000001331 0.627740133950823
0.115200000001335 0.608816880100336
0.115600000001339 0.758342586542282
0.116000000001344 0.631918096181191
0.116400000001349 0.745839678318421
0.116800000001354 0.756283190964178
0.117200000001358 0.949808907092933
0.117600000001362 0.772077468872873
0.118000000001368 0.712247522249769
0.118400000001373 0.686436083466621
0.118800000001377 0.59896118801473
0.119200000001382 0.683171256030826
0.119600000001386 0.613302804170045
0.120000000001391 0.557285473532637
0.120400000001395 0.902157104588161
0.1208000000014 0.958537121528097
0.121200000001404 0.939697296205073
0.121600000001409 0.759568187083669
0.122000000001414 0.876823349909205
0.122400000001419 1.02546927193967
0.122800000001423 0.887768806718537
0.123200000001428 0.848647982365479
0.123600000001432 0.829193858966336
0.124000000001437 0.835558706816432
0.124400000001442 0.820676197683076
0.124800000001446 0.838828500206034
0.125200000001451 0.782457935149996
0.125600000001456 0.869615455309922
0.12600000000146 0.82306165581874
0.126400000001465 0.908391164537194
0.12680000000147 0.833035844163934
0.127200000001474 0.736224772404366
0.127600000001479 0.642197286734415
0.128000000001483 0.590186061756903
0.128400000001488 0.704901460588146
0.128800000001492 0.78349010090886
0.129200000001497 0.760700047846073
0.129600000001502 0.912266658243286
0.130000000001507 1.02662772037779
0.130400000001511 0.975532317059
0.130800000001516 0.913229983945783
0.13120000000152 0.925121900474633
0.131600000001525 0.943514364344661
0.13200000000153 0.923898263616949
0.132400000001534 0.905773569937423
0.132800000001539 0.764512908351784
0.133200000001544 0.832413601719785
0.133600000001549 0.786172909022188
0.134000000001553 0.807101952068894
0.134400000001558 0.874544948446224
0.134800000001562 1.08729015994849
0.135200000001567 1.13737689999936
0.135600000001572 1.07766948291415
0.136000000001576 0.959893238211942
0.13640000000158 0.914409052887662
0.136800000001585 0.988952386618231
0.13720000000159 0.885331456367914
0.137600000001594 0.922186500938986
0.138000000001599 0.865004677473098
0.138400000001604 0.933628778120246
0.138800000001609 1.06388650916061
0.139200000001613 1.10506245864486
0.139600000001618 1.23811704277562
0.140000000001622 1.24597980978018
0.140400000001627 1.11098442710718
0.140800000001632 1.08200006962002
0.141200000001637 1.11468696191777
0.141600000001641 0.99398998695211
0.142000000001646 1.114381369837
0.14240000000165 1.05169426397737
0.142800000001656 0.932665619888672
0.143200000001659 1.00085941521532
0.143600000001665 1.03825805591469
0.144000000001668 1.10814160957447
0.144400000001672 1.07636945480978
0.144800000001679 1.03832671614328
0.145200000001682 1.17409645477562
0.145600000001687 1.21354849471609
0.146000000001692 1.25574672839336
0.146400000001697 1.15793145344328
0.146800000001701 1.13508516953718
0.147200000001706 1.04624931220722
0.14760000000171 1.07175285986958
0.148000000001715 1.16907409114086
0.14840000000172 1.20081369545016
0.148800000001725 1.14322437511639
0.149200000001729 1.13144321303695
0.149600000001734 1.15313951185469
0.150000000001738 1.15756340147582
0.150400000001744 1.07615053884484
0.150800000001748 0.980489059521033
0.151200000001752 1.02168879831286
0.151600000001756 1.00251772817479
0.152000000001761 1.05952830280079
0.152400000001767 1.14633946261692
0.152800000001771 0.947016123482473
0.153200000001775 1.00541004237107
0.153600000001781 0.931523060311855
0.154000000001785 0.87039157675569
0.15440000000179 0.781122671226786
0.154800000001794 0.71250341480555
0.155200000001798 0.739695858748394
0.155600000001803 0.58508043932669
0.156000000001808 0.417508177017531
0.156400000001813 0.479787795507213
0.156800000001817 0.452698702069449
0.157200000001821 0.618029667800242
0.157600000001827 0.548306912306816
0.158000000001831 0.661709725896222
0.158400000001835 0.759650972417736
0.15880000000184 0.697367823396192
0.159200000001845 0.591300280775982
0.159600000001849 0.607739700348742
0.160000000001855 0.680451758667708
0.160400000001859 0.604572562187944
0.160800000001863 0.473211517328181
0.161200000001869 0.37892094276732
0.161600000001873 0.574870017491611
0.162000000001878 0.591426551988039
0.162400000001882 0.408764270012458
0.162800000001887 0.427213644824509
0.16320000000189 0.502434983138463
0.163600000001896 0.591440297018165
0.164000000001901 0.58399354581418
0.164400000001905 0.447573209246255
0.16480000000191 0.510528046316216
0.165200000001914 0.436908435000767
0.165600000001919 0.414933459507071
0.166000000001924 0.309410367378737
0.166400000001929 0.409985165758133
0.166800000001933 0.531411910779686
0.167200000001937 0.580663290585295
0.167600000001943 0.603451777288353
0.168000000001947 0.544281665573695
0.168400000001952 0.667096601638071
0.168800000001957 0.563885040770747
0.169200000001961 0.478040610996094
0.169600000001966 0.458955455507594
0.170000000001971 0.556603582903041
0.170400000001974 0.496812697504841
0.170800000001978 0.404401885449376
0.171200000001984 0.420301408273875
0.171600000001989 0.519953192116616
0.172000000001994 0.431387067509003
0.172400000001998 0.601359036653895
0.172800000002003 0.638281957187499
0.173200000002007 0.67935470185819
0.173600000002012 0.637045187061112
0.174000000002017 0.50557033663684
0.174400000002021 0.465632796002735
0.174800000002025 0.535766591194782
0.17520000000203 0.53143273439677
0.175600000002035 0.546347875523781
0.17600000000204 0.708222173443198
0.176400000002045 0.723851008648253
0.176800000002048 0.676192587720436
0.177200000002054 0.55813852163066
0.177600000002059 0.588487416792116
0.178000000002063 0.826305313821278
0.178400000002066 0.838013261090896
0.178800000002071 0.755238269696284
0.179200000002077 0.548533423309754
0.179600000002082 0.618637356118842
0.180000000002086 0.57699112102151
0.180400000002091 0.562293975898985
0.180800000002095 0.611100673559718
0.181200000002101 0.669192602105436
0.181600000002105 0.727004275669107
0.182000000002109 0.669131818148156
0.182400000002113 0.706393757842711
0.182800000002118 0.738421053263695
0.183200000002124 0.748045721707047
0.183600000002128 0.722250532289755
0.184000000002133 0.709723786497372
0.184400000002136 0.623229247834291
0.184800000002142 0.652273052158991
0.185200000002146 0.641432170060591
0.185600000002151 0.652713475646909
0.186000000002155 0.76464926435126
0.186400000002159 0.784750031096841
0.186800000002165 0.792554066040626
0.187200000002169 0.753561434919955
0.187600000002174 0.844857297224763
0.188000000002179 0.879242247498523
0.188400000002183 0.860067443611719
0.188800000002189 0.711062163075313
0.189200000002193 0.639304300039314
0.189600000002197 0.550002999853175
0.190000000002202 0.642283558395847
0.190400000002207 0.706661785590453
0.190800000002212 0.682676723834833
0.191200000002216 0.714825225346362
0.191600000002221 0.749309078207718
0.192000000002225 0.701200630764808
0.19240000000223 0.784519770007827
0.192800000002235 0.703516426628493
0.193200000002239 0.660999836875985
0.193600000002243 0.667907763101012
0.194000000002247 0.58545037672435
0.194400000002253 0.550752799126662
0.194800000002258 0.541093520786249
0.195200000002262 0.532140203913509
0.195600000002267 0.585436050860733
0.196000000002271 0.535302223803563
0.196400000002277 0.592167770721665
0.196800000002281 0.591842697692336
0.197200000002285 0.526857486462436
0.197600000002289 0.663085017057097
0.198000000002295 0.570251404974136
0.1984000000023 0.615622928256186
0.198800000002304 0.444770730289178
0.199200000002308 0.508729261498013
0.199600000002313 0.492450299945028
0.200000000002318 0.529264148897061
0.200400000002323 0.484782545931079
0.200800000002328 0.518843868775318
0.201200000002331 0.539100029369922
0.201600000002335 0.584158857340177
0.202000000002341 0.49915116305768
0.202400000002346 0.613279809517218
0.20280000000235 0.530503844513676
0.203200000002355 0.425477876389216
0.203600000002359 0.46636902974139
0.204000000002365 0.390565965149512
0.204400000002369 0.425954676478717
0.204800000002374 0.39665202282749
0.205200000002378 0.464027015779299
0.205600000002382 0.563435102610483
0.206000000002388 0.547509721982054
0.206400000002392 0.518875558607008
0.206800000002396 0.520826647527954
0.207200000002401 0.469728274659325
0.207600000002406 0.529158749632432
0.208000000002411 0.324032909720314
0.208400000002415 0.375207655667011
0.20880000000242 0.363372542156636
0.209200000002424 0.393667335413482
0.20960000000243 0.211193659126399
0.210000000002434 0.282395950617752
0.210400000002438 0.287527920021653
0.210800000002443 0.399061392183055
0.211200000002447 0.429379318599255
0.211600000002453 0.454980151728728
0.212000000002457 0.409777097747472
0.212400000002462 0.43176143478627
0.212800000002465 0.327429372969989
0.21320000000247 0.231932927521951
0.213600000002476 0.231796854546877
0.21400000000248 0.191143056827335
0.214400000002484 0.24014243652775
0.214800000002489 0.309674800439543
0.215200000002494 0.339159463767918
0.2156000000025 0.414390545723629
0.216000000002503 0.457955996745273
0.216400000002508 0.47532365343565
0.216800000002512 0.536793360667714
0.217200000002517 0.486616413040306
0.217600000002522 0.45213677665288
0.218000000002527 0.393931385327741
0.218400000002532 0.257684333137529
0.218800000002535 0.149856555707149
0.219200000002541 0.234437377239683
0.219600000002545 0.35293291609127
0.22000000000255 0.404392160119446
0.220400000002554 0.386435623870727
0.220800000002559 0.388404461630723
0.221200000002563 0.375122379387109
0.221600000002568 0.440432712818828
0.222000000002572 0.576267850617884
0.222400000002577 0.575072414504927
0.222800000002582 0.370637174434156
0.223200000002587 0.320622965333738
0.223600000002592 0.277762135427986
0.224000000002596 0.22054442601572
0.2244000000026 0.258920456685234
0.224800000002605 0.356556474728732
0.225200000002611 0.380296658578448
0.225600000002615 0.521136775092221
0.226000000002619 0.534614901497997
0.226400000002623 0.57603065873017
0.226800000002629 0.505654849420423
0.227200000002633 0.52554145099149
0.227600000002638 0.395831138858642
0.228000000002641 0.416124049279697
0.228400000002646 0.44222611117501
0.228800000002652 0.348744757798451
0.229200000002657 0.280416818052081
0.229600000002661 0.257229220692299
0.230000000002666 0.445759842148138
0.23040000000267 0.531510919732533
0.230800000002675 0.471106318892117
0.23120000000268 0.621737035718252
0.231600000002684 0.538726806507026
0.232000000002689 0.423659552068573
0.232400000002693 0.397403114833205
0.232800000002699 0.344679324927733
0.233200000002703 0.331778986202261
0.233600000002707 0.285435302992512
0.234000000002712 0.149287169864706
0.234400000002717 0.212364483143569
0.234800000002722 0.356411744507361
0.235200000002726 0.261031375991206
0.23560000000273 0.269951589603778
0.236000000002734 0.42526152155305
0.23640000000274 0.440614052749561
0.236800000002745 0.480546914659106
0.237200000002748 0.475138094293102
0.237600000002754 0.309439038322613
0.238000000002758 0.228003137611392
0.238400000002764 0.124034596480419
0.238800000002768 0.0822482911327206
