# Fix print output for fix out1
-2.12454483009025e-15 0.10184533789883
0.00019999999999785 0.124237252823801
0.000399999999997825 0.0541802073717287
0.0005999999999978 -0.00861124625319251
0.000799999999997774 -0.247237928964135
0.000999999999997749 -0.392224730314557
0.00119999999999772 -0.378784922434714
0.00139999999999803 -0.0838107035429579
0.001599999999998 0.171833618788625
0.00179999999999797 0.393894373775673
0.00199999999999795 0.502851690957217
0.00219999999999792 0.374179027236379
0.0023999999999979 0.209461747282223
0.00259999999999787 0.108099244918722
0.00279999999999785 -0.0313086623715745
0.00299999999999782 -0.0543151565009051
0.0031999999999978 -0.102549737101665
0.00339999999999777 0.125531859803274
0.00359999999999775 0.334779493753445
0.00379999999999772 0.554073450544873
0.00399999999999802 0.570935973040341
0.004199999999998 0.547308261321204
0.00439999999999797 0.410676363746371
0.00459999999999795 0.217711366491263
0.00479999999999792 0.180304627143549
0.0049999999999979 0.0845192547952355
0.00519999999999787 0.120323126857062
0.00539999999999785 0.221152311155397
0.00559999999999782 0.370845415990293
0.0057999999999978 0.552956281677525
0.00599999999999777 0.578660336694534
0.00619999999999774 0.544210651759688
0.00639999999999772 0.495746856209075
0.00659999999999802 0.448090973124258
0.006799999999998 0.460977453418408
0.00699999999999797 0.396431586047306
0.00719999999999795 0.575338616695896
0.00739999999999792 0.608962345631351
0.00759999999999789 0.746803761869303
0.00779999999999787 0.774858445671919
0.00799999999999784 0.734404926275784
0.00819999999999782 0.577399673522102
0.00839999999999779 0.538548703641613
0.00859999999999777 0.40123167460302
0.00879999999999774 0.455240191574068
0.00899999999999772 0.585966195441456
0.00919999999999786 0.750358761182257
0.00939999999999799 0.946548319261933
0.00959999999999797 0.94304467486273
0.00979999999999794 0.832183337947509
0.00999999999999792 0.737946033428796
0.0101999999999979 0.731547112572194
0.0103999999999979 0.503115268876622
0.0105999999999978 0.518999923811734
0.0107999999999978 0.687538614577815
0.0109999999999978 0.897545620493381
0.0111999999999978 1.00134883754644
0.0113999999999977 1.10065234184152
0.0115999999999977 1.02349750969665
0.0117999999999977 0.990242775613581
0.011999999999998 0.94681102534414
0.012199999999998 0.85204678308065
0.0123999999999979 0.834321413211677
0.0125999999999979 0.816408082989404
0.0127999999999979 0.822467938463201
0.0129999999999979 0.881478492719116
0.0131999999999978 1.01676544391893
0.0133999999999978 1.18948232828578
0.0135999999999978 1.37584464610779
0.0137999999999978 1.31701230430267
0.0139999999999977 1.26594650176966
0.0141999999999977 1.02776644412935
0.0143999999999977 0.909160787784351
0.014599999999998 0.931607762091239
0.014799999999998 0.933057032487814
0.0149999999999979 1.08597054016368
0.0151999999999979 1.18701981421972
0.0153999999999979 1.29296495125386
0.0155999999999979 1.44348149329522
0.0157999999999978 1.48829283872666
0.0159999999999978 1.29978429122582
0.0161999999999978 1.24884357974037
0.0163999999999978 1.03787680093052
0.0165999999999977 1.01948357750825
0.0167999999999977 1.17359243073853
0.0169999999999977 1.240959892979
0.017199999999998 1.42882063372525
0.017399999999998 1.45081201650564
0.0175999999999979 1.50953807088041
0.0177999999999979 1.58779845978409
0.0179999999999979 1.60198967043009
0.0181999999999979 1.43313267751875
0.0183999999999978 1.35501717780013
0.0185999999999978 1.31144228331254
0.0187999999999978 1.16059954723879
0.0189999999999978 1.16707453702661
0.0191999999999977 1.4561566793953
0.0193999999999977 1.74541104551669
0.0195999999999977 1.90479682824812
0.019799999999998 1.90099007548338
0.019999999999998 1.8120603075586
0.0201999999999979 1.57094157792259
0.0203999999999979 1.42826581936232
0.0205999999999979 1.4414766668057
0.0207999999999979 1.48890002042107
0.0209999999999978 1.71984234657435
0.0211999999999978 1.804807864641
0.0213999999999978 1.88276874215422
0.0215999999999978 1.92014757780968
0.0217999999999977 1.87685833485454
0.0219999999999977 1.72905567659337
0.0221999999999977 1.64977727694579
0.022399999999998 1.59560481643592
0.022599999999998 1.57180658645603
0.0227999999999979 1.74436663088366
0.0229999999999979 1.88040697940023
0.0231999999999979 1.97580659858102
0.0233999999999979 2.07420759161723
0.0235999999999978 2.14489357950188
0.0237999999999978 2.15711725466757
0.0239999999999978 1.93755874849658
0.0241999999999978 1.77352846304042
0.0243999999999977 1.67476782670711
0.0245999999999977 1.7079922759014
0.0247999999999977 1.86938446039794
0.0249999999999978 1.99919409996425
0.025199999999998 2.13546311635079
0.0253999999999979 2.2119462731414
0.0255999999999979 2.17426625648475
0.0257999999999979 2.17899594503868
0.0259999999999979 2.05550467871544
0.0261999999999978 1.9437481024005
0.0263999999999978 1.87165563470141
0.0265999999999978 1.86863483655414
0.0267999999999978 2.04231738257019
0.0269999999999977 2.3715326935834
0.0271999999999977 2.62098475873444
0.0273999999999977 2.50680446574884
0.0275999999999978 2.32575058838366
0.027799999999998 2.12501205905116
0.0279999999999979 1.94242987645089
0.0281999999999979 2.00909543982521
0.0283999999999979 2.0502387192293
0.0285999999999979 2.24211265023147
0.0287999999999978 2.55989227869965
0.0289999999999978 2.6042010376203
0.0291999999999978 2.51949117260359
0.0293999999999978 2.44898530871083
0.0295999999999977 2.24392109771192
0.0297999999999977 2.22010521864469
0.0299999999999977 2.14638098532476
0.0301999999999978 2.26123687925362
0.030399999999998 2.45789213189836
0.0305999999999979 2.61277903049851
0.0307999999999979 2.78931239264993
0.0309999999999979 2.74361241582216
0.0311999999999979 2.67919147330833
0.0313999999999978 2.41398130200483
0.0315999999999978 2.13415610710198
0.0317999999999978 2.0492879547871
0.0319999999999978 2.40336888587354
0.0321999999999977 2.63154464943884
0.0323999999999977 2.80338133395004
0.0325999999999977 2.85291701168672
0.0327999999999977 2.83102995354977
0.0329999999999979 2.72567474559321
0.0331999999999979 2.60951562306596
0.0333999999999979 2.44289493632437
0.0335999999999979 2.27366440739786
0.0337999999999978 2.4476831290533
0.0339999999999978 2.69281544553606
0.0341999999999978 3.02966018363028
0.0343999999999978 3.05112111507774
0.0345999999999978 3.05232201993169
0.0347999999999977 2.87437472462646
0.0349999999999977 2.77414338311346
0.0351999999999977 2.59490383477896
0.0353999999999976 2.62714896084582
0.0355999999999979 2.80794867898705
0.0357999999999979 2.98919502280137
0.0359999999999979 3.0456320181253
0.0361999999999979 3.19464031271527
0.0363999999999978 3.23996264254774
0.0365999999999978 3.1254383712298
0.0367999999999978 2.90757436835787
0.0369999999999978 2.65939333898941
0.0371999999999977 2.5558161119781
0.0373999999999977 2.72310109779306
0.0375999999999977 3.05811970105703
0.0377999999999977 3.30614778346367
0.0379999999999976 3.69276625444594
0.0381999999999979 3.52832135728669
0.0383999999999979 3.35761860793337
0.0385999999999979 2.99517038507271
0.0387999999999979 2.88266530416397
0.0389999999999978 2.82085270971389
0.0391999999999978 3.04411698731445
0.0393999999999978 3.23824281931256
0.0395999999999978 3.36043818392621
0.0397999999999977 3.43657826156426
0.0399999999999977 3.48604043620357
0.0401999999999977 3.21182564718188
0.0403999999999977 3.11508910292842
0.0405999999999976 2.90021961715224
0.0407999999999979 3.03341535616569
0.0409999999999979 3.33378217286455
0.0411999999999979 3.50467409034769
0.0413999999999979 3.56156879889066
0.0415999999999978 3.54243399564657
0.0417999999999978 3.46129788233561
0.0419999999999978 3.29657112579593
0.0421999999999978 3.25647017036219
0.0423999999999977 3.289201441914
0.0425999999999977 3.34602923141581
0.0427999999999977 3.61440041737417
0.0429999999999977 3.74951532309398
0.0431999999999976 3.76967598836109
0.0433999999999979 3.4991698359807
0.0435999999999979 3.47978995602407
0.0437999999999979 3.49714483824416
0.0439999999999979 3.41974512212581
0.0441999999999978 3.40109416044274
0.0443999999999978 3.55469085788072
0.0445999999999978 3.73738084172158
0.0447999999999978 3.93505507369953
0.0449999999999977 3.92825984172518
0.0451999999999977 3.80324972437999
0.0453999999999977 3.60633417097413
0.0455999999999977 3.48829783119521
0.0457999999999976 3.44809630817982
0.0459999999999978 3.5637144913144
0.0461999999999979 3.84879963763706
0.0463999999999979 4.03531421733673
0.0465999999999979 4.16908979316229
0.0467999999999978 4.19817081199525
0.0469999999999978 3.8062034039367
0.0471999999999978 3.76074486327567
0.0473999999999978 3.73149159144034
0.0475999999999977 3.71766847917443
0.0477999999999977 3.9505788805126
0.0479999999999977 4.09037145947806
0.0481999999999977 4.18069040280964
0.0483999999999976 4.13197245396155
0.0485999999999976 4.2317167865454
0.0487999999999979 3.97874134590276
0.0489999999999979 3.75146788105129
0.0491999999999979 3.72296217278911
0.0493999999999978 3.86004908228401
0.0495999999999978 3.89315081336345
0.0497999999999978 4.25692545322105
0.0499999999999978 4.28532839762619
0.0501999999999977 4.39408316805057
0.0503999999999977 4.23363742143463
0.0505999999999977 4.0996559281055
0.0507999999999977 4.01226117349408
0.0509999999999976 4.08205239562253
0.0511999999999978 4.26115371129499
0.0513999999999979 4.32369107869866
0.0515999999999979 4.51759467189985
0.0517999999999979 4.44881617911528
0.0519999999999978 4.2733800638696
0.0521999999999978 4.00166296539903
0.0523999999999978 4.11699976623434
0.0525999999999978 4.19215437621882
0.0527999999999977 4.4501894321735
0.0529999999999977 4.64258966778459
0.0531999999999977 4.69855485987078
0.0533999999999977 4.57672616453748
0.0535999999999976 4.41120161647872
0.0537999999999976 4.25426048309886
0.0539999999999979 4.2271979477933
0.0541999999999979 4.33724662858579
0.0543999999999979 4.47556023288504
0.0545999999999978 4.73731416642344
0.0547999999999978 4.90410632042809
0.0549999999999978 4.91913521232774
0.0551999999999978 4.69621690562721
0.0553999999999977 4.24781931807298
0.0555999999999977 4.3035559144077
0.0557999999999977 4.31823464344811
0.0559999999999977 4.56398183886112
0.0561999999999976 4.80104122993505
0.0563999999999976 4.98937207619636
0.0565999999999977 4.93915844974828
0.0567999999999979 4.79879559633939
0.0569999999999979 4.43311068753185
0.0571999999999978 4.28710533430229
0.0573999999999978 4.39394038285012
0.0575999999999978 4.68690458327125
0.0577999999999978 4.96299221175089
0.0579999999999977 5.20581887673282
0.0581999999999977 5.1765025849272
0.0583999999999977 4.75685225379945
0.0585999999999977 4.63720763275278
0.0587999999999976 4.4791099315974
0.0589999999999976 4.51123533921089
0.0591999999999977 4.88053800522115
0.0593999999999979 4.99021601831676
0.0595999999999979 5.25708368327561
0.0597999999999978 5.21275952917022
0.0599999999999978 5.00010122118885
0.0601999999999978 4.75692611331442
0.0603999999999978 4.66741927244078
0.0605999999999977 4.8066305002397
0.0607999999999977 4.92085749219252
0.0609999999999977 5.24028757289612
0.0611999999999977 5.36075280724989
0.0613999999999976 5.28986735645398
0.0615999999999976 5.22063915972845
0.0617999999999977 5.11565278752714
0.0619999999999979 4.93739288671027
0.0621999999999979 4.7805293301928
0.0623999999999978 4.80480954346972
0.0625999999999978 5.15670571712902
0.0627999999999978 5.56039541820028
0.0629999999999978 5.56280432689663
0.0631999999999977 5.43665339201278
0.0633999999999977 5.30551119233018
0.0635999999999977 5.05692676470636
0.0637999999999977 5.08042883659594
0.0639999999999976 5.11701946695593
0.0641999999999976 5.26520622010772
0.0643999999999977 5.42701862540355
0.0645999999999979 5.62869785557786
0.0647999999999978 5.47391691392229
0.0649999999999978 5.31565529485746
0.0651999999999978 5.08268160094303
0.0653999999999978 5.09072918680583
0.0655999999999977 5.12443373892787
0.0657999999999977 5.45304301440507
0.0659999999999977 5.5720780374828
0.0661999999999977 5.50776460189325
0.0663999999999976 5.40444925586732
0.0665999999999976 5.3633223975998
0.0667999999999976 5.43232336220537
0.0669999999999977 5.4493433336125
0.0671999999999979 5.31056789533583
0.0673999999999979 5.48736616462276
0.0675999999999978 5.66229741112605
0.0677999999999978 5.74970255302671
0.0679999999999978 5.82141935645625
0.0681999999999977 5.49093350508419
0.0683999999999977 5.26885502463648
0.0685999999999977 5.2462138175509
0.0687999999999977 5.46153475443786
0.0689999999999976 5.65062716823981
0.0691999999999976 5.71414377975605
0.0693999999999976 5.86557438919933
0.0695999999999976 5.67564380517827
0.0697999999999979 5.538679150058
0.0699999999999978 5.58089749545976
0.0701999999999978 5.46875203853188
0.0703999999999978 5.57528101590387
0.0705999999999978 5.97951161725112
0.0707999999999977 6.12593581323648
0.0709999999999977 6.02017596973563
0.0711999999999977 5.95888373389273
0.0713999999999977 5.71264303388793
0.0715999999999976 5.58138917287074
0.0717999999999976 5.57194852255388
0.0719999999999976 5.7749850437117
0.0721999999999976 5.94219250692616
0.0723999999999979 6.0355388494551
0.0725999999999978 6.0575091437944
0.0727999999999978 5.94633877451402
0.0729999999999978 5.62080949244173
0.0731999999999978 5.64254630172851
0.0733999999999977 5.88764831794458
0.0735999999999977 5.98406977218729
0.0737999999999977 6.18114661221708
0.0739999999999977 6.21425636324603
0.0741999999999976 6.03523100508666
0.0743999999999976 5.86449990141152
0.0745999999999976 5.82325255446092
0.0747999999999976 6.02348043484571
0.0749999999999979 6.22133338036913
0.0751999999999978 6.16792392835275
0.0753999999999978 6.25920890065409
0.0755999999999978 6.14236672874808
0.0757999999999978 6.11134357017025
0.0759999999999977 5.85408305486756
0.0761999999999977 6.01627946474389
0.0763999999999977 6.13666754438349
0.0765999999999977 6.33752334020824
0.0767999999999976 6.3440182740918
0.0769999999999976 6.26545617337989
0.0771999999999976 5.92755264421926
0.0773999999999976 6.09488975974609
0.0775999999999979 6.23131251652075
0.0777999999999978 6.44253987727069
0.0779999999999978 6.59486764821243
0.0781999999999978 6.33930002138768
0.0783999999999978 6.17819992879916
0.0785999999999977 6.09473472919309
0.0787999999999977 6.23370090470032
0.0789999999999977 6.2341680539228
0.0791999999999977 6.47447820142597
0.0793999999999976 6.51132421148071
0.0795999999999976 6.39899297783441
0.0797999999999976 6.30508441491682
0.0799999999999976 6.30311643732904
0.0801999999999977 6.34739264821117
0.0803999999999978 6.35558584919103
0.0805999999999978 6.4445636019307
0.0807999999999978 6.54513701875071
0.0809999999999978 6.39614503867083
0.0811999999999977 6.48707500052155
0.0813999999999977 6.42892463523552
0.0815999999999977 6.48438972395138
0.0817999999999977 6.48516273758669
0.0819999999999976 6.52095196242619
0.0821999999999976 6.565180433116
0.0823999999999976 6.75359653707001
0.0825999999999976 6.8302718362224
0.0827999999999977 6.72325297494498
0.0829999999999978 6.48796885241126
0.0831999999999978 6.63177685187382
0.0833999999999978 6.38648711439153
0.0835999999999978 6.6023872622481
0.0837999999999977 6.63018301659218
0.0839999999999977 6.7456211999967
0.0841999999999977 6.87217966697651
0.0843999999999977 6.79319909860578
0.0845999999999976 6.65263106916631
0.0847999999999976 6.56324842723109
0.0849999999999976 6.60886700482675
0.0851999999999976 6.80519687042024
0.0853999999999977 6.93930392523013
0.0855999999999977 6.95979740765101
0.0857999999999978 6.87639258138384
0.0859999999999978 6.61189416225358
0.0861999999999978 6.71829616855568
0.0863999999999977 6.76831274870304
0.0865999999999977 6.89525091485793
0.0867999999999977 6.88882479545547
0.0869999999999977 6.84790827306138
0.0871999999999976 7.00789216980533
0.0873999999999976 6.75486632491266
0.0875999999999976 6.91828895591493
0.0877999999999976 6.88476661174011
0.0879999999999975 6.90665215227396
0.0881999999999978 7.02382664078149
0.0883999999999978 6.97641309489692
0.0885999999999978 7.02261797254812
0.0887999999999978 6.95675777062342
0.0889999999999977 7.0306091497337
0.0891999999999977 6.96073480180338
0.0893999999999977 6.95158049342229
0.0895999999999977 7.0939195312683
0.0897999999999976 7.13478373999535
0.0899999999999976 6.93774660356179
0.0901999999999976 6.93854828606531
0.0903999999999976 7.10668471743164
0.0905999999999977 7.0217844963268
0.0907999999999978 6.89880539934391
0.0909999999999978 7.08605803942858
0.0911999999999978 7.23897839332845
0.0913999999999978 7.24965723193228
0.0915999999999977 7.02589879403083
0.0917999999999977 6.9731289057656
0.0919999999999977 7.18197719667807
0.0921999999999977 7.2562731795839
0.0923999999999976 7.09772834832955
0.0925999999999976 7.01150117138612
0.0927999999999976 7.24787630777342
0.0929999999999976 7.05422626643178
0.0931999999999977 7.07428471176133
0.0933999999999977 7.30540082389036
0.0935999999999978 7.24111232834883
0.0937999999999978 7.28442891313783
0.0939999999999978 7.17575017855039
0.0941999999999977 7.28313750377636
0.0943999999999977 7.41251886886041
0.0945999999999977 7.23179405083452
0.0947999999999977 7.03842686752193
0.0949999999999976 7.30644929385919
0.0951999999999976 7.24592193208562
0.0953999999999976 7.44630856371152
0.0955999999999975 7.33749737290611
0.0957999999999975 7.40799925025591
0.0959999999999977 7.24729324783194
0.0961999999999978 7.34761101545266
0.0963999999999978 7.36571288214989
0.0965999999999977 7.42844534515628
0.0967999999999977 7.54631957240357
0.0969999999999977 7.48935675583251
0.0971999999999977 7.45197678271903
0.0973999999999977 7.36369622597016
0.0975999999999976 7.30623211808865
0.0977999999999976 7.49810154014757
0.0979999999999976 7.44713816171726
0.0981999999999976 7.51860581418549
0.0983999999999975 7.61069674167815
0.0985999999999977 7.57583099659583
0.0987999999999978 7.42431092935937
0.0989999999999978 7.43072601457751
0.0991999999999977 7.64532905358794
0.0993999999999977 7.66308568679495
0.0995999999999977 7.74982264787435
0.0997999999999977 7.46074458266312
0.0999999999999976 7.45923411525756
0.100199999999998 7.26355427682731
0.100399999999998 7.58297343939769
0.100599999999998 7.90246853261013
0.100799999999998 7.92600582764591
0.100999999999998 7.48526879887357
0.101199999999998 7.61595697737774
0.101399999999998 7.54365704911896
0.101599999999998 7.6935488456099
0.101799999999998 7.50969799870596
0.101999999999998 7.53811689832531
0.102199999999998 7.92298762631523
0.102399999999998 7.90054419236016
0.102599999999998 7.75839267469732
0.102799999999998 7.683596772188
0.102999999999998 7.70883311141699
0.103199999999998 7.51363236431432
0.103399999999998 7.72175691845345
0.103599999999998 7.87822178966132
0.103799999999998 7.85353321586695
0.103999999999998 7.81133835526228
0.104199999999998 7.9046940127271
0.104399999999998 7.60816344902823
0.104599999999998 7.70663672169577
0.104799999999998 7.75669288000371
0.104999999999998 7.77006327438864
0.105199999999998 7.92178231764884
0.105399999999998 8.10508976123789
0.105599999999998 7.89876922045044
0.105799999999998 7.83539692877908
0.105999999999998 7.68695192090317
0.106199999999998 7.86659753427905
0.106399999999997 8.01880334351352
0.106599999999998 8.00588484187694
0.106799999999998 8.08879390844956
0.106999999999998 8.0407858457606
0.107199999999998 7.80252926668698
0.107399999999998 8.01355146988682
0.107599999999998 8.11532424285315
0.107799999999998 7.87424424223517
0.107999999999998 8.22660883076347
0.108199999999998 8.08650651367498
0.108399999999998 7.99349290641821
0.108599999999998 8.02176806135253
0.108799999999998 8.09455235419301
0.108999999999998 8.09082804721876
0.109199999999998 7.96118670035392
0.109399999999998 8.06949778267093
0.109599999999998 8.21208098874134
0.109799999999998 8.11550283991728
0.109999999999998 8.06255613144493
0.110199999999998 8.1062894808129
0.110399999999998 8.0179384794712
0.110599999999998 8.13225280590315
0.110799999999998 8.24369143815231
0.110999999999998 8.26059590515176
0.111199999999998 8.14044250911756
0.111399999999998 8.27213055753548
0.111599999999998 8.13683974691731
0.111799999999998 8.04973028286629
0.111999999999998 8.0559927881419
0.112199999999998 8.23573820162731
0.112399999999998 8.37692930358707
0.112599999999998 8.26334444114448
0.112799999999998 8.06626299779725
0.112999999999998 8.05637288361197
0.113199999999998 8.25454242042344
0.113399999999998 8.27240203446382
0.113599999999998 8.25688609789711
0.113799999999998 8.36890394435391
0.113999999999998 8.5363853972246
0.114199999999997 8.22413980422436
0.114399999999998 7.99815544156397
0.114599999999998 8.09032899878411
0.114799999999998 8.4311382618384
0.114999999999998 8.49588461437517
0.115199999999998 8.55065436493843
0.115399999999998 8.56331787778498
0.115599999999998 8.39089957006444
0.115799999999998 8.14938189358479
0.115999999999998 8.30015430827504
0.116199999999998 8.43171029472085
0.116399999999998 8.67529171599694
0.116599999999998 8.53921553595477
0.116799999999997 8.56891688822403
0.116999999999998 8.42906551447473
0.117199999999998 8.27848257267939
0.117399999999998 8.29145316350614
0.117599999999998 8.60178657549226
0.117799999999998 8.69102659331082
0.117999999999998 8.66913951221457
0.118199999999998 8.26555456835356
0.118399999999998 8.26375620491593
0.118599999999998 8.47907350347904
0.118799999999998 8.48092408172428
0.118999999999998 8.83270847669313
0.119199999999998 8.47385413417594
0.119399999999997 8.48136925724767
0.119599999999998 8.55239791255046
0.119799999999998 8.51277708309033
0.119999999999998 8.41730377232251
0.120199999999998 8.6010570034721
0.120399999999998 8.87437240982437
0.120599999999998 8.74961497386077
0.120799999999998 8.5352172557514
0.120999999999998 8.52974606510146
0.121199999999998 8.60890317653373
0.121399999999998 8.70062817392976
0.121599999999998 8.81463263310282
0.121799999999998 8.82741478815641
0.121999999999997 8.77895030533223
0.122199999999998 8.71939983877244
0.122399999999998 8.61729915910552
0.122599999999998 8.59256887982293
0.122799999999998 8.88118733907288
0.122999999999998 8.91734247989965
0.123199999999998 8.82209380454113
0.123399999999998 8.82779861727873
0.123599999999998 8.57202958175263
0.123799999999998 8.44393872633403
0.123999999999998 8.81557452863824
0.124199999999998 8.81036642510179
0.124399999999997 8.85697196104951
0.124599999999997 8.8008572199093
0.124799999999998 8.76714423740516
0.124999999999998 8.72207825273269
0.125199999999998 8.75516926329953
0.125399999999998 8.77975600358135
0.125599999999998 8.87494932997596
0.125799999999998 8.95085040881295
0.125999999999998 8.7451764123632
0.126199999999998 8.79290525030926
0.126399999999998 8.82368803951205
0.126599999999998 8.82255626154717
0.126799999999998 9.01233037060304
0.126999999999998 9.03237531985008
0.127199999999997 9.01006435701893
0.127399999999998 8.7860454909139
0.127599999999998 8.61409408453009
0.127799999999998 8.86505864923601
0.127999999999998 8.87590450749403
0.128199999999998 8.92913619704319
0.128399999999998 8.88593554589041
0.128599999999998 9.06530067342471
0.128799999999998 8.94816406107625
0.128999999999998 8.82941674607397
0.129199999999998 8.83781454461666
0.129399999999998 8.94940899778444
0.129599999999997 8.95195123903146
0.129799999999997 9.06748603973551
0.129999999999998 8.97330888885958
0.130199999999998 8.70238195818984
0.130399999999998 8.58217765780936
0.130599999999998 9.13318987387571
0.130799999999998 9.1026755503852
0.130999999999998 9.07475710593682
0.131199999999998 8.91374098687679
0.131399999999998 8.93276211927183
0.131599999999998 8.75043294702683
0.131799999999998 8.91056088906501
0.131999999999998 8.78094158230284
0.132199999999997 9.01681931968965
0.132399999999997 8.9974451783196
0.132599999999997 9.0992763379864
0.132799999999998 9.12191988772206
0.132999999999998 8.94678927226179
0.133199999999998 8.8987320398412
0.133399999999998 8.87331507132072
0.133599999999998 8.82951941753401
0.133799999999998 8.94797920574635
0.133999999999998 8.86779524997419
0.134199999999998 9.186174113542
0.134399999999998 8.98999493279191
0.134599999999998 8.9420936186077
0.134799999999998 8.95961361197077
0.134999999999997 8.96822233234971
0.135199999999997 9.02169935943384
0.135399999999998 9.1070823850872
0.135599999999998 9.23036538297547
0.135799999999998 9.00534554637783
0.135999999999998 8.91802904021486
0.136199999999998 9.1434796776486
0.136399999999998 9.16342568577775
0.136599999999998 9.27848656738328
0.136799999999998 9.29110943719142
0.136999999999998 9.13956360499892
0.137199999999998 8.99685976087494
0.137399999999997 8.84757978631301
0.137599999999997 8.97911103236885
0.137799999999997 9.15724756087019
0.137999999999998 9.47930031831434
0.138199999999998 9.17780760522601
0.138399999999998 9.11390288884502
0.138599999999998 9.04609407960789
0.138799999999998 9.31247971676847
0.138999999999998 9.41329521620157
0.139199999999998 9.40019136568148
0.139399999999998 9.43285295637538
0.139599999999998 9.34302397482161
0.139799999999998 9.2460820498139
0.139999999999997 9.2579614581856
0.140199999999997 9.22586991851071
0.140399999999997 9.33841222964494
0.140599999999998 9.3339943385226
0.140799999999998 9.20372420135005
0.140999999999998 9.02120924196864
0.141199999999998 8.86988043028682
0.141399999999998 8.78003677501569
0.141599999999998 8.64823219026366
0.141799999999998 8.22869493037536
0.141999999999998 7.24863264180944
