# Fix print output for fix out1
8.18915094822864e-16 -0.017561313966941
0.000100000000000756 -0.0976342480485875
0.000200000000000694 -0.024439464348555
0.000300000000000904 -0.0158165273859945
0.000400000000000842 -0.0976185038072458
0.000500000000000779 -0.0482280228441747
0.000600000000000716 -0.0163704808737999
0.000700000000000927 0.0578230976515952
0.000800000000000864 -0.0274645962818913
0.000900000000000802 -0.108717658230804
0.00100000000000074 0.0402489365934106
0.00110000000000095 -0.0437624724426878
0.00120000000000089 0.0173719795897782
0.00130000000000082 0.0274093898570657
0.00140000000000076 -0.0282641855035488
0.0015000000000007 0.033516694791766
0.00160000000000091 0.200215494415319
0.00170000000000085 0.0679565159799709
0.00180000000000078 0.00290533156523118
0.00190000000000072 -0.0897981790193866
0.00200000000000093 -0.0314224032995265
0.00210000000000087 0.116074846406665
0.00220000000000081 0.175482372312867
0.00230000000000074 0.198447622467977
0.00240000000000095 0.0204063871549558
0.00250000000000089 -0.0538908437666736
0.00260000000000083 0.184469283548629
0.00270000000000077 0.257823948556202
0.0028000000000007 0.165068931396336
0.00290000000000091 0.0672426667357121
0.00300000000000085 0.0490957319573628
0.00310000000000079 0.0479120917358704
0.00320000000000073 0.24062503161495
0.00330000000000094 0.238402369899536
0.00340000000000087 0.101374433668194
0.00350000000000081 0.122407685135303
0.00360000000000075 0.194425281563456
0.00370000000000069 0.213279319273472
0.0038000000000009 0.187466263038533
0.00390000000000084 0.177223473052172
0.00400000000000077 0.225317065258305
0.00410000000000071 0.236969812671607
0.00420000000000092 0.221665505561307
0.00430000000000086 0.246555495948963
0.00440000000000079 0.191788764968282
0.00450000000000073 0.175004417815898
0.00460000000000094 0.318128245968865
0.00470000000000088 0.31181913127417
0.00480000000000082 0.141802746864895
0.00490000000000076 0.187627984902278
0.00500000000000069 0.336586556343276
0.0051000000000009 0.351686875718644
0.00520000000000084 0.344937156873582
0.00530000000000078 0.19970362416039
0.00540000000000071 0.197148459019791
0.00550000000000093 0.318360595007431
0.00560000000000086 0.386531742974923
0.0057000000000008 0.356705458223489
0.00580000000000074 0.219199040882813
0.00590000000000095 0.256478034428313
0.00600000000000089 0.405316997262819
0.00610000000000082 0.36649514046992
0.00620000000000076 0.429126045134954
0.0063000000000007 0.291944706644125
0.00640000000000091 0.265056995242462
0.00650000000000085 0.422294820429385
0.00660000000000078 0.349400393355156
0.00670000000000072 0.433089963180142
0.00680000000000093 0.49048618822489
0.00690000000000087 0.358265422554814
0.00700000000000081 0.367903821580486
0.00710000000000074 0.378191464659659
0.00720000000000095 0.408636708713263
0.00730000000000089 0.537436348683715
0.00740000000000083 0.388247118146093
0.00750000000000077 0.319241298016121
0.0076000000000007 0.391166198320187
0.00770000000000091 0.466723289740538
0.00780000000000085 0.542375533200683
0.00790000000000079 0.492546321525363
0.00800000000000073 0.406979156685792
0.00810000000000094 0.356052654698512
0.00820000000000087 0.423646808085826
0.00830000000000081 0.528484720773638
0.00840000000000075 0.463137781089702
0.00850000000000096 0.441775815712272
0.0086000000000009 0.410696346806252
0.00870000000000083 0.52013321655667
0.00880000000000077 0.597491072021327
0.00890000000000071 0.454055183162187
0.00900000000000092 0.490543811906638
0.00910000000000086 0.445373954380909
0.00920000000000079 0.444488759132267
0.00930000000000073 0.644937616336153
0.00940000000000094 0.599292474555296
0.00950000000000088 0.48356167875778
0.00960000000000082 0.475421289959017
0.00970000000000075 0.467260499942155
0.00980000000000069 0.617224762788981
0.0099000000000009 0.592796316300448
0.0100000000000008 0.520733942443182
0.0101000000000008 0.563142697689565
0.0102000000000007 0.604163414593464
0.0103000000000009 0.617124015050591
0.0104000000000009 0.553271185167553
0.0105000000000008 0.577303024626665
0.0106000000000007 0.587866494999741
0.0107000000000009 0.571871043167598
0.0108000000000009 0.65710619156886
0.0109000000000008 0.635031785854831
0.0110000000000008 0.595447586668165
0.0111000000000007 0.537434151503992
0.0112000000000009 0.516732647362295
0.0113000000000008 0.6755036211236
0.0114000000000008 0.710484861938543
0.0115000000000007 0.567256910716972
0.0116000000000009 0.675529053430091
0.0117000000000009 0.671396795826961
0.0118000000000008 0.571955983302455
0.0119000000000007 0.645415768373153
0.012000000000001 0.617978914369887
0.0121000000000009 0.668863071934971
0.0122000000000008 0.636291333479195
0.0123000000000008 0.69522744573708
0.0124000000000007 0.750235878429453
0.0125000000000009 0.550404097673061
0.0126000000000009 0.657854522880737
0.0127000000000008 0.827815668867844
0.0128000000000007 0.68224786338866
0.0129000000000009 0.701857597033439
0.0130000000000009 0.744467125759148
0.0131000000000008 0.722853434775669
0.0132000000000007 0.690381456908323
0.013300000000001 0.727896907992228
0.0134000000000009 0.791835638392411
0.0135000000000008 0.700784536765168
0.0136000000000008 0.665997044992198
0.0137000000000007 0.789179900389757
0.0138000000000009 0.686894525882372
0.0139000000000009 0.749818589281617
0.0140000000000008 0.850135041043607
0.0141000000000007 0.748967865516586
0.0142000000000009 0.748722631860281
0.0143000000000009 0.725139677726728
0.0144000000000008 0.815414027757196
0.0145000000000008 0.82857970796867
0.014600000000001 0.745255956336976
0.0147000000000009 0.823370344251857
0.0148000000000008 0.917921209407742
0.0149000000000008 0.710628487217402
0.0150000000000007 0.738924886673755
0.0151000000000009 0.880326059043651
0.0152000000000009 0.887847526389994
0.0153000000000008 0.898568101738159
0.0154000000000007 0.877705713643139
0.0155000000000009 0.713087499596248
0.0156000000000009 0.842037150106643
0.0157000000000008 0.854122876187851
0.0158000000000008 0.82721186534558
0.0159000000000008 0.911811865457426
0.0160000000000009 0.876945006388641
0.0161000000000008 0.899585884691416
0.0162000000000008 0.796333924793872
0.0163000000000007 0.717572014485636
0.0164000000000009 0.97986203094638
0.0165000000000009 1.00808776317391
0.0166000000000008 0.864438995885647
0.0167000000000007 0.883146939875054
0.016800000000001 0.859153709979193
0.0169000000000009 0.88257418328866
0.0170000000000008 1.00844567261081
0.0171000000000008 0.981671357167359
0.0172000000000008 0.957363450063137
0.0173000000000009 0.824240802048386
0.0174000000000008 0.867091154994239
0.0175000000000008 1.01030512137519
0.0176000000000007 0.916960657398063
0.0177000000000009 0.940374970719373
0.0178000000000009 1.01483227995674
0.0179000000000008 0.873107434037887
0.0180000000000007 0.937674888494644
0.018100000000001 1.03594221131976
0.0182000000000009 0.947701846972029
0.0183000000000008 0.972290900420905
0.0184000000000008 0.995536938942748
0.0185000000000007 0.960535673247736
0.0186000000000009 0.986883371681912
0.0187000000000009 0.976689956269943
0.0188000000000008 1.0117994636118
0.0189000000000007 1.07042042272674
0.0190000000000009 0.960887526738947
0.0191000000000009 0.995029670016401
0.0192000000000008 1.02642398159947
0.0193000000000008 1.01795984016968
0.019400000000001 1.09309157413907
0.0195000000000009 0.987330815228631
0.0196000000000008 0.981856607624728
0.0197000000000008 1.09245793963575
0.0198000000000007 1.14650787317256
0.0199000000000009 1.07331682237378
0.0200000000000009 0.896089266676546
0.0201000000000008 1.08396006453883
0.0202000000000007 1.187646231858
0.0203000000000009 1.06407321962885
0.0204000000000009 1.09582364101923
0.0205000000000008 1.0728827001233
0.0206000000000008 1.00194350022449
0.020700000000001 1.01842058541645
0.0208000000000009 1.15458128417146
0.0209000000000008 1.23668918053262
0.0210000000000008 1.10837761976033
0.0211000000000007 1.06810466288226
0.0212000000000009 1.1231273205697
0.0213000000000009 1.13728080457101
0.0214000000000008 1.13752220627908
0.0215000000000007 1.14392893134448
0.021600000000001 1.14984706822921
0.0217000000000009 1.0802392590461
0.0218000000000008 1.04264681539681
0.0219000000000008 1.2399422440613
0.0220000000000008 1.19640685939174
0.0221000000000009 1.06699400898023
0.0222000000000008 1.13954929329167
0.0223000000000008 1.06742113050625
0.0224000000000007 1.14618667238878
0.0225000000000009 1.38469866781826
0.0226000000000009 1.15483314491893
0.0227000000000008 1.08341864323289
0.0228000000000007 1.15028349933128
0.022900000000001 1.17272743362364
0.0230000000000009 1.30856007954284
0.0231000000000008 1.16262031615038
0.0232000000000008 1.13704538693473
0.0233000000000007 1.28816694767714
0.0234000000000009 1.20841285725853
0.0235000000000009 1.28465744274104
0.0236000000000008 1.28883541757875
0.0237000000000007 1.03883292459416
0.0238000000000009 1.18775286323117
0.0239000000000009 1.27084178901692
0.0240000000000008 1.16437072437514
0.0241000000000007 1.35547846027639
0.024200000000001 1.30757781684845
0.0243000000000009 1.15285183908156
0.0244000000000008 1.22605607074324
0.0245000000000008 1.27448001604705
0.0246000000000007 1.28761495721279
0.0247000000000009 1.36476923945024
0.0248000000000009 1.21643757061235
0.0249000000000008 1.19889717665075
0.0250000000000007 1.33998842508085
0.0251000000000009 1.27748195101082
0.0252000000000009 1.29918456583186
0.0253000000000008 1.32314537263483
0.0254000000000008 1.16873645325962
0.025500000000001 1.26805966816483
0.0256000000000009 1.30352671445514
0.0257000000000008 1.33543612804162
0.0258000000000008 1.32711253773917
0.0259000000000007 1.27092332763513
0.0260000000000009 1.2636969069387
0.0261000000000009 1.3377181124186
0.0262000000000008 1.36939891216102
0.0263000000000007 1.40232008495073
0.026400000000001 1.27823683927167
0.0265000000000009 1.18388212274145
0.0266000000000008 1.31518289699728
0.0267000000000008 1.36340286684113
0.026800000000001 1.32065306166802
0.0269000000000009 1.39642116539629
0.0270000000000008 1.35820092997708
0.0271000000000008 1.23020552857047
0.0272000000000007 1.26855378975403
0.0273000000000009 1.33380296707279
0.0274000000000009 1.38043469286265
0.0275000000000008 1.4391948796923
0.0276000000000007 1.37638250957605
0.027700000000001 1.27004592213955
0.0278000000000009 1.28171114803505
0.0279000000000008 1.32344075923654
0.0280000000000008 1.56139184097639
0.0281000000000008 1.46222192006865
0.0282000000000009 1.3018963331043
0.0283000000000009 1.31207458893479
0.0284000000000008 1.35698679594059
0.0285000000000007 1.41994226817293
0.0286000000000009 1.44300248735616
0.0287000000000009 1.39538130996144
0.0288000000000008 1.40862445648958
0.0289000000000008 1.29131433426447
0.029000000000001 1.29206183020285
0.0291000000000009 1.50615264929823
0.0292000000000008 1.49404820754253
0.0293000000000008 1.41289514143619
0.0294000000000008 1.36513256411543
0.0295000000000009 1.33332061789949
0.0296000000000009 1.35644040751432
0.0297000000000008 1.5319763073938
0.0298000000000007 1.56624584217207
0.0299000000000009 1.4666687444562
0.0300000000000009 1.31518192076888
0.0301000000000008 1.3162442291055
0.0302000000000008 1.49036789652988
0.030300000000001 1.52134976113184
0.0304000000000009 1.44324730510985
0.0305000000000008 1.36434750267062
0.0306000000000008 1.40465460809293
0.0307000000000009 1.5128101241608
0.0308000000000009 1.69962514530633
0.0309000000000009 1.51121359826661
0.0310000000000008 1.26215348903128
0.0311000000000007 1.36779714446576
0.0312000000000009 1.51717511351776
0.0313000000000009 1.5508080340751
0.0314000000000008 1.57740883400656
0.0315000000000008 1.49122150333281
0.031600000000001 1.37087369387714
0.0317000000000009 1.40657500498683
0.0318000000000008 1.45998149879503
0.0319000000000008 1.60818594692868
0.0320000000000009 1.62430424140117
0.0321000000000009 1.49164796921797
0.0322000000000009 1.38518698147779
0.0323000000000008 1.48451484485653
0.0324000000000007 1.57934541829179
0.032500000000001 1.56797256535276
0.0326000000000009 1.4646756154036
0.0327000000000008 1.49552350155593
0.0328000000000008 1.54516561022584
0.032900000000001 1.49257334699229
0.0330000000000009 1.5468775573777
0.0331000000000009 1.61544290672725
0.0332000000000008 1.48318004273874
0.0333000000000007 1.56137452324447
0.0334000000000009 1.6321885137161
0.0335000000000009 1.43436895545272
0.0336000000000008 1.58400805388661
0.0337000000000008 1.62643279528276
0.033800000000001 1.50633242650252
0.0339000000000009 1.60874035971343
0.0340000000000008 1.54186761242266
0.0341000000000008 1.46801950853662
0.0342000000000008 1.59219669155654
0.0343000000000009 1.63500275983921
0.0344000000000009 1.54287749237543
0.0345000000000008 1.47578953226194
0.0346000000000007 1.46714219882944
0.0347000000000009 1.64981278875891
0.0348000000000009 1.7061735983647
0.0349000000000008 1.54763726573301
0.0350000000000008 1.50888745566118
0.035100000000001 1.57730979428645
0.0352000000000009 1.54330170036664
0.0353000000000008 1.60660982302149
0.0354000000000008 1.72467637627947
0.0355000000000009 1.62022679997093
0.0356000000000009 1.61075563086533
0.0357000000000009 1.57520010123375
0.0358000000000008 1.53361643521693
0.0359000000000007 1.6583633265227
0.0360000000000009 1.68880718218694
0.0361000000000009 1.61385785470124
0.0362000000000008 1.56873308435817
0.0363000000000008 1.59721876714659
0.036400000000001 1.62343489728055
0.0365000000000009 1.66148059437252
0.0366000000000008 1.71405992187973
0.0367000000000008 1.55664071674404
0.0368000000000009 1.56834177436053
0.0369000000000009 1.63966531633469
0.0370000000000009 1.61046500387565
0.0371000000000008 1.58688095838832
0.0372000000000007 1.73967364266949
0.037300000000001 1.57256756478531
0.0374000000000009 1.58694708537312
0.0375000000000008 1.74240332203274
0.0376000000000008 1.70167671940488
0.037700000000001 1.6728379545777
0.0378000000000009 1.68566037282714
0.0379000000000008 1.56085324234095
0.0380000000000008 1.58677702831117
0.0381000000000007 1.73473875707799
0.0382000000000009 1.76578114063908
0.0383000000000009 1.68327713351281
0.0384000000000008 1.62301603807068
0.0385000000000007 1.5887638308939
0.038600000000001 1.67035607171057
0.0387000000000009 1.75057413117698
0.0388000000000008 1.73515504284351
0.0389000000000008 1.66728367330836
0.039000000000001 1.68484604731257
0.0391000000000009 1.52169819696286
0.0392000000000009 1.60637860629228
0.0393000000000008 1.86534654912213
0.0394000000000007 1.77762152746772
0.0395000000000009 1.68875077252584
0.0396000000000009 1.61594701814611
0.0397000000000008 1.6159717286778
0.0398000000000008 1.7069980416256
0.039900000000001 1.7484253213306
0.0400000000000009 1.76424269405779
0.0401000000000008 1.72721665496253
0.0402000000000008 1.64701427661183
0.0403000000000008 1.63029199310102
0.0404000000000009 1.70787097675182
0.0405000000000009 1.85156402027961
0.0406000000000008 1.73917688513825
0.0407000000000007 1.72262306251788
0.0408000000000009 1.79201433114961
0.0409000000000009 1.55937099082145
0.0410000000000008 1.58792088583991
0.0411000000000008 1.88454764918982
0.041200000000001 1.78418078335708
0.0413000000000009 1.67786449099191
0.0414000000000008 1.72619254107884
0.0415000000000008 1.63092347158609
0.0416000000000009 1.69501570296295
0.0417000000000009 1.85508846611642
0.0418000000000009 1.71145588697599
0.0419000000000008 1.65526182571403
0.0420000000000007 1.83724839716632
0.0421000000000009 1.79246322729508
0.0422000000000009 1.71554678370994
0.0423000000000008 1.8129285423084
0.0424000000000008 1.58253050454503
0.042500000000001 1.62772906469751
0.0426000000000009 1.79799235310703
0.0427000000000008 1.73508181475769
0.0428000000000008 1.72083487658956
0.0429000000000009 1.81923817743732
0.0430000000000009 1.71057611228763
0.0431000000000009 1.7156340661285
0.0432000000000008 1.82415265991811
0.0433000000000007 1.76092423720874
0.043400000000001 1.84926302377015
0.0435000000000009 1.82724304020208
0.0436000000000008 1.50951356154859
0.0437000000000008 1.80591390664042
0.043800000000001 1.95889098232336
0.0439000000000009 1.79034317298938
0.0440000000000009 1.75649055819339
0.0441000000000008 1.79825992501229
0.0442000000000009 1.68509116523364
0.0443000000000009 1.7109088795854
0.0444000000000009 1.87299118595549
0.0445000000000008 1.87917613955444
0.0446000000000008 1.7424906559264
0.044700000000001 1.71459620894321
0.0448000000000009 1.63160250940478
0.0449000000000008 1.77090318261974
0.0450000000000008 1.93422174717755
0.045100000000001 1.84529454811485
0.0452000000000009 1.75653110867336
0.0453000000000009 1.79290902812797
0.0454000000000008 1.70617017737875
0.0455000000000009 1.66715316858831
0.0456000000000009 1.84538783222635
0.0457000000000009 1.94878382867363
0.0458000000000008 1.79377920465875
0.0459000000000008 1.77077790871608
0.046000000000001 1.80113083626668
0.0461000000000009 1.85605377642254
0.0462000000000008 1.82675953718851
0.0463000000000008 1.77684374195082
0.046400000000001 1.77021269828034
0.0465000000000009 1.87206677721444
0.0466000000000009 1.84231937185098
0.0467000000000008 1.75383668001543
0.0468000000000007 1.86104639501436
0.0469000000000009 1.81814966923603
0.0470000000000009 1.79453554182296
0.0471000000000008 1.7909184508078
0.0472000000000008 1.80287626238405
0.047300000000001 1.8594588915825
0.0474000000000009 1.91192038295104
0.0475000000000008 1.78899966617578
0.0476000000000008 1.75511465950142
0.0477000000000009 1.74797302059021
0.0478000000000009 1.83805122214358
0.0479000000000009 1.90983998327555
0.0480000000000008 1.82407395849076
0.0481000000000007 1.71327304839057
0.048200000000001 1.7845385003869
0.0483000000000009 1.89011735715706
0.0484000000000008 1.8255019698702
0.0485000000000008 1.80280094240104
0.048600000000001 1.83319897281067
0.0487000000000009 1.82221038356531
0.0488000000000009 1.78064419229609
0.0489000000000008 1.81942613214136
0.0490000000000009 1.89547449487978
0.0491000000000009 1.85752155939683
0.0492000000000009 1.80932791042075
0.0493000000000008 1.81822744097977
0.0494000000000007 1.90421155304373
0.049500000000001 1.96809981211236
0.0496000000000009 1.79000963761454
0.0497000000000008 1.72899510212722
0.0498000000000008 1.80977927020761
0.049900000000001 1.91541177232447
0.0500000000000009 1.9454064291756
0.0501000000000009 1.9222118095129
0.0502000000000008 1.84791595939822
0.0503000000000007 1.81034102313873
0.0504000000000009 1.8826815333282
0.0505000000000009 1.87337016947685
0.0506000000000008 1.85359230117585
0.0507000000000008 1.84745084270148
0.050800000000001 1.89563160822028
0.0509000000000009 1.97419086568715
0.0510000000000008 1.94288722090632
0.0511000000000008 1.82021913043345
0.051200000000001 1.77414934140232
0.0513000000000009 1.8516075880009
0.0514000000000009 1.87866060173573
0.0515000000000008 1.94268081605758
0.0516000000000007 1.84253186906239
0.0517000000000009 1.73668478024373
0.0518000000000009 1.86556630894659
0.0519000000000008 1.977553637521
0.0520000000000008 1.87276338251069
0.052100000000001 1.77836592744972
0.0522000000000009 1.91870995280497
0.0523000000000008 2.04486243725267
0.0524000000000008 1.83997020614387
0.0525000000000009 1.74248393486301
0.0526000000000009 1.83161450712102
0.0527000000000009 1.81348944626744
0.0528000000000008 1.86857221083563
0.0529000000000007 2.05605033376072
0.053000000000001 1.96844640464073
0.0531000000000009 1.7485446415768
0.0532000000000008 1.82373124098885
0.0533000000000008 1.89022317770596
0.053400000000001 1.90456445252073
0.0535000000000009 1.93204738687892
0.0536000000000009 1.91961166954634
0.0537000000000008 1.90574685996838
0.0538000000000009 1.84803462498926
0.0539000000000009 1.80565410648371
0.0540000000000009 1.92255258517124
0.0541000000000008 2.01925951068315
0.0542000000000007 1.85432646211911
0.054300000000001 1.75197772847039
0.0544000000000009 1.90059143696857
0.0545000000000008 1.96474718578106
0.0546000000000008 1.88700715416744
0.054700000000001 1.934867992578
0.0548000000000009 1.86842604805653
0.0549000000000009 1.79703037687084
0.0550000000000008 1.88188336566807
0.0551000000000009 2.03868079783615
0.0552000000000009 1.91681326210271
0.0553000000000009 1.78399752960593
0.0554000000000008 1.9247822416741
0.0555000000000008 2.00659138238335
0.055600000000001 1.81984248113716
0.0557000000000009 1.82940020828371
0.0558000000000008 1.91188479399185
0.0559000000000008 1.91625881401098
0.056000000000001 1.84440098429933
0.0561000000000009 1.92495824119147
0.0562000000000009 1.93434692343498
0.0563000000000008 1.82102853960087
0.0564000000000009 1.85103956389431
0.0565000000000009 1.94892550796461
0.0566000000000009 1.964854835962
0.0567000000000008 1.88131957023904
0.0568000000000008 1.86789087956635
0.056900000000001 1.85224583446402
0.0570000000000009 1.88568567535061
0.0571000000000008 1.92272927008894
0.0572000000000008 1.90682278630845
0.057300000000001 1.89667219607768
0.0574000000000009 1.94537330035866
0.0575000000000009 1.79832038350083
0.0576000000000008 1.79268759222838
0.0577000000000009 1.97383178873874
0.057800000000001 1.98800021706197
0.0579000000000009 1.77483148757878
0.0580000000000008 1.90557702421355
0.0581000000000008 1.90227611194853
0.058200000000001 1.76248672168542
0.0583000000000009 1.88188565656231
0.0584000000000009 1.9878718257895
0.0585000000000008 1.87549198362693
0.0586000000000009 1.84421313397947
0.0587000000000009 1.88840019610278
0.0588000000000009 1.84911955153496
0.0589000000000008 1.89245032521924
0.0590000000000009 1.98928473918532
0.059100000000001 1.94879481542895
0.0592000000000009 1.78592633433725
0.0593000000000008 1.71151969641427
0.0594000000000008 1.92433329004941
0.059500000000001 1.97096733144788
0.0596000000000009 1.89039306054049
0.0597000000000009 1.90813157077855
0.0598000000000008 1.8960938766925
0.0599000000000009 1.81552198847327
0.0600000000000009 1.83880204299279
0.0601000000000009 1.98261540399966
0.0602000000000008 1.94387005686605
0.0603000000000009 1.92928834341503
0.060400000000001 1.91389175985473
0.0605000000000009 1.77819912717315
0.0606000000000008 1.80558129226095
0.0607000000000008 1.91506996240287
0.060800000000001 1.92636803214732
0.0609000000000009 1.88598883469503
0.0610000000000009 1.79281360015348
0.0611000000000008 1.87028827398977
0.0612000000000009 1.84835534780765
0.0613000000000009 1.90104411033414
0.0614000000000009 1.96444419386039
0.0615000000000008 1.80912236574039
0.0616000000000008 1.78552020605958
0.061700000000001 1.85520393249545
0.0618000000000009 1.87708409666395
0.0619000000000008 1.76569185311858
0.0620000000000008 1.85972374865201
0.062100000000001 1.97852984000282
0.0622000000000009 1.88485066591821
0.0623000000000009 1.7285947320955
0.0624000000000008 1.85535998592187
0.0625000000000009 1.98707289465497
0.0626000000000009 1.86417592737122
0.0627000000000009 1.83511978120555
0.0628000000000008 1.80489506592101
0.0629000000000008 1.90142333655536
0.063000000000001 1.90373216159509
0.0631000000000009 1.90702258215248
0.0632000000000009 1.87570070551054
0.0633000000000008 1.7696536864711
0.063400000000001 1.74353731140903
0.0635000000000009 1.87200438751138
0.0636000000000009 1.96310140047333
0.0637000000000008 1.83867553140607
0.0638000000000009 1.72245158933164
0.063900000000001 1.83119972653564
0.0640000000000009 1.86187204786615
0.0641000000000008 1.91313799298887
0.0642000000000008 1.88929386115462
0.064300000000001 1.82975583808092
0.0644000000000009 1.74661442061038
0.0645000000000009 1.78734082642009
0.0646000000000008 1.93784106030217
0.064700000000001 1.89981670018789
0.0648000000000009 1.8878387114812
0.0649000000000009 1.86760528865705
0.0650000000000008 1.80951437382885
0.0651000000000008 1.77423334124292
0.065200000000001 1.77867365291256
0.0653000000000009 1.86966623687742
0.0654000000000008 1.87395505204524
0.0655000000000008 1.77248671497306
0.065600000000001 1.73312192620454
0.0657000000000009 1.82867219734871
0.0658000000000009 1.80187713527903
0.0659000000000008 1.74500080753244
0.0660000000000009 1.86069742535995
0.0661000000000009 1.89631237802387
0.0662000000000009 1.7668662770684
0.0663000000000008 1.71081472032753
0.0664000000000008 1.81929666602901
0.066500000000001 1.89268990104445
0.0666000000000009 1.79950566326798
0.0667000000000008 1.7565347341909
0.0668000000000008 1.84971349932233
0.066900000000001 1.80349786731307
0.0670000000000009 1.75959791207476
0.0671000000000009 1.85967404834015
0.0672000000000008 1.74789293154176
0.0673000000000009 1.67520015312023
0.0674000000000009 1.82356304610606
0.0675000000000009 1.91455747248114
0.0676000000000008 1.73241730617876
0.0677000000000008 1.72856505494914
0.067800000000001 1.88999960679045
0.0679000000000009 1.84308405363299
0.0680000000000009 1.77196262457215
0.0681000000000008 1.79397549230927
0.068200000000001 1.79215353148506
0.0683000000000009 1.71871955529533
0.0684000000000009 1.82174069552024
0.0685000000000008 1.74770833009546
0.0686000000000009 1.75752683350977
0.068700000000001 1.82037304086346
0.0688000000000009 1.81948683422742
0.0689000000000008 1.73304897912324
0.0690000000000008 1.65675261347567
0.069100000000001 1.61043802492231
0.0692000000000009 1.77257017917183
0.0693000000000009 1.89482283096737
0.0694000000000008 1.7295261945573
0.069500000000001 1.60388869228968
0.0696000000000009 1.7020850352114
0.0697000000000009 1.69362276456981
0.0698000000000008 1.59541263427749
0.0699000000000009 1.56218643379538
0.070000000000001 1.53012407949978
0.0701000000000009 1.58436832555456
0.0702000000000008 1.54077051721922
0.0703000000000008 1.56172730915446
0.070400000000001 1.32955231140702
0.0705000000000009 1.23213925185135
0.0706000000000009 1.24473482880776
0.0707000000000008 1.30989981300988
0.0708000000000009 1.11325780225473
0.0709000000000009 0.889735113270201
0.0710000000000009 0.826183409020039
0.0711000000000008 0.708799562657154
0.0712000000000009 0.600729471641221
0.071300000000001 0.673595988440106
0.0714000000000009 0.710923091386661
0.0715000000000008 0.634375540433544
0.0716000000000008 0.687438250417017
0.071700000000001 0.561690500596198
0.0718000000000009 0.464299474383327
0.0719000000000009 0.534257140243973
0.0720000000000008 0.541299555097087
0.0721000000000009 0.662556930880888
0.0722000000000009 0.708367803135213
0.0723000000000009 0.738307548458384
0.0724000000000008 0.75255995589488
0.0725000000000009 0.781433242064147
0.072600000000001 0.772910834803155
0.0727000000000009 0.619186706403307
0.0728000000000009 0.670519467800493
0.0729000000000008 0.688788789124358
0.073000000000001 0.751940197394543
0.0731000000000009 0.762478395543165
0.0732000000000009 0.692513367117195
0.0733000000000008 0.770996001321422
0.0734000000000009 0.892123846665618
0.073500000000001 0.862371436877599
0.0736000000000009 0.796641567025555
0.0737000000000008 0.707806688652686
0.0738000000000009 0.744523664198024
0.073900000000001 0.841764384969156
0.0740000000000009 0.898667803808366
0.0741000000000009 0.857055062806434
0.0742000000000008 0.791036438802764
0.074300000000001 0.782110498888795
0.0744000000000009 0.846908536273703
0.0745000000000009 0.984442390365891
0.0746000000000008 0.971178321882612
0.0747000000000009 0.756284807203012
0.074800000000001 0.76029673831701
0.0749000000000009 0.736117799867981
0.0750000000000008 0.983091218552309
0.0751000000000009 1.03550525230583
0.075200000000001 0.821178877112577
0.0753000000000009 0.796583543228687
0.0754000000000009 0.886597848624566
0.0755000000000008 1.01310850882889
0.0756000000000009 0.998436838710482
0.0757000000000009 0.958892565957375
0.0758000000000009 0.875080002430643
0.0759000000000008 0.761984344780269
0.0760000000000009 0.968960302787752
0.076100000000001 1.03411739882946
0.0762000000000009 1.02152567182652
0.0763000000000008 1.00648979044248
0.0764000000000008 1.11968450739409
0.076500000000001 0.985421017152401
0.0766000000000009 0.807322015034287
0.0767000000000009 1.00962720724095
0.0768000000000008 1.03209361779531
0.076900000000001 1.03408698214211
0.0770000000000009 1.0246013829583
0.0771000000000009 1.06390483125748
0.0772000000000008 0.955447361273864
0.0773000000000008 0.941059324839768
0.077400000000001 1.10199578811064
0.0775000000000009 1.06265607108442
0.0776000000000008 1.0053829165144
0.0777000000000008 0.902638326137109
0.077800000000001 0.995893916763675
0.0779000000000009 1.18052092788315
0.0780000000000009 1.18827200801656
0.0781000000000008 1.09397629032124
0.0782000000000009 0.961514751968946
0.078300000000001 1.07524563500128
0.0784000000000009 1.16889184155207
0.0785000000000008 1.21820131972545
0.0786000000000008 1.13747284598974
0.078700000000001 1.03932182862631
0.0788000000000009 1.04835230077651
0.0789000000000009 1.20695920138187
0.0790000000000008 1.17802156132591
0.079100000000001 1.03310972930416
0.0792000000000009 1.06840115167317
0.0793000000000009 1.24800479552011
0.0794000000000008 1.20409318647453
0.0795000000000009 1.18390450096201
0.079600000000001 1.20416748709475
0.0797000000000009 1.10337488003535
0.0798000000000008 1.09840979828206
0.0799000000000008 1.04899761649487
0.080000000000001 1.17966860396796
0.0801000000000009 1.28616135588905
0.0802000000000009 1.36864269280288
0.0803000000000008 1.19048685605078
0.080400000000001 1.12687907562758
0.0805000000000009 1.20452263503379
0.0806000000000009 1.18155364039441
0.0807000000000008 1.2738715355164
0.0808000000000009 1.26059174535508
0.080900000000001 1.14411674934313
0.0810000000000009 1.20317842542565
0.0811000000000008 1.28847701796788
0.0812000000000008 1.34337526361579
0.081300000000001 1.25461349175698
0.0814000000000009 1.20545360024712
0.0815000000000009 1.29954007182672
0.0816000000000008 1.33004434887351
0.0817000000000009 1.32029683207619
0.0818000000000009 1.17938939587389
0.0819000000000009 1.25272985868007
0.0820000000000008 1.25941418221963
0.0821000000000009 1.32010543350895
0.082200000000001 1.41666497384267
0.0823000000000009 1.35609456195016
0.0824000000000008 1.23115664446679
0.0825000000000008 1.24081925044435
0.082600000000001 1.39856311669217
0.0827000000000009 1.44157294503228
0.0828000000000009 1.38685590853561
0.0829000000000008 1.36269737100574
0.0830000000000009 1.26381904006734
0.083100000000001 1.18336935801844
0.0832000000000009 1.46864720456646
0.0833000000000008 1.40731397424237
0.0834000000000009 1.4596344068568
0.083500000000001 1.40960360766747
0.0836000000000009 1.24197826054865
0.0837000000000009 1.35827088106156
0.0838000000000008 1.46142360856819
0.083900000000001 1.51985867899156
0.0840000000000009 1.36244031361611
0.0841000000000009 1.334718395585
0.0842000000000008 1.39976535581796
0.084300000000001 1.4729119747147
0.084400000000001 1.49919199637292
0.0845000000000009 1.53508747115646
0.0846000000000008 1.39537739849484
0.0847000000000009 1.33903165633338
0.084800000000001 1.43577368910683
0.0849000000000009 1.48510661478706
0.0850000000000009 1.46196679681342
0.0851000000000008 1.47161118594792
0.085200000000001 1.43707433219458
0.0853000000000009 1.43217775802749
0.0854000000000009 1.49880313763731
0.0855000000000008 1.50303141529194
0.0856000000000009 1.4296564926267
0.085700000000001 1.38585061343836
0.0858000000000009 1.41756495997502
0.0859000000000008 1.52733314143399
0.0860000000000009 1.56699147558987
0.086100000000001 1.4529442686339
0.0862000000000009 1.45534344145461
0.0863000000000009 1.47511267237395
0.0864000000000008 1.53904954181608
0.086500000000001 1.56281447584806
0.086600000000001 1.48309209166854
0.0867000000000009 1.41934582420838
0.0868000000000008 1.41811083516753
0.0869000000000009 1.58531752685758
0.087000000000001 1.60972187812534
0.0871000000000009 1.54156421097954
0.0872000000000008 1.45612396402426
0.0873000000000009 1.51197792203341
0.087400000000001 1.61073094335645
0.0875000000000009 1.63602737399547
0.0876000000000009 1.54722626912131
0.0877000000000008 1.46345044260357
0.087800000000001 1.51496943181369
0.0879000000000009 1.55850983439544
0.0880000000000009 1.66454346665192
0.0881000000000008 1.68360030021507
0.0882000000000009 1.50610107226502
0.088300000000001 1.46973088633692
0.0884000000000009 1.56333956102459
0.0885000000000009 1.6725694261255
0.0886000000000009 1.63275113598106
0.088700000000001 1.55723626928525
0.0888000000000009 1.47923879459917
0.0889000000000009 1.67354684056484
0.0890000000000008 1.72050031518431
0.0891000000000009 1.60410917158
0.089200000000001 1.50157910492001
0.0893000000000009 1.6023239553091
0.0894000000000008 1.63649762323095
0.0895000000000009 1.58620221830164
0.089600000000001 1.61268435331901
0.0897000000000009 1.64673665608981
0.0898000000000009 1.62121633820093
0.0899000000000009 1.62084709012192
0.090000000000001 1.64051452683318
0.0901000000000009 1.6430068584313
0.0902000000000009 1.66464829493078
0.0903000000000008 1.60710656963755
0.0904000000000009 1.64896322319697
0.090500000000001 1.68919964208548
0.0906000000000009 1.78012061246493
0.0907000000000008 1.63527075532184
0.0908000000000008 1.54406014522284
0.090900000000001 1.62768523073282
