# Fix print output for fix out1
-1.2517389336293e-15 0.106810797380092
0.000199999999996699 0.268452726516745
0.000399999999994899 0.450464506549802
0.00059999999999335 0.557070009310381
0.0007999999999908 0.459638619139399
0.0009999999999885 0.458365882009653
0.00119999999998695 0.563184192784503
0.0013999999999849 0.558664203907173
0.0015999999999826 0.530110478122577
0.0017999999999803 0.614030298402179
0.001999999999979 0.701394706465723
0.00219999999997745 0.680637618076734
0.00239999999997615 0.727315706215329
0.0025999999999736 0.709415473653474
0.00279999999997155 0.698528400528725
0.0029999999999685 0.685873892160369
0.00319999999996695 0.731261132255559
0.0033999999999644 0.728424906145109
0.00359999999996185 0.772849252367484
0.00379999999995955 0.836978876757187
0.00399999999995851 0.814372433297585
0.00419999999995646 0.816637265793827
0.00439999999995441 0.960340396444913
0.00459999999995161 0.926473592341581
0.00479999999994956 0.924771090811412
0.00499999999994826 0.899969143543593
0.00519999999994571 0.989893415154106
0.00539999999994391 0.907151712663042
0.00559999999994161 0.909931135892059
0.00579999999993981 1.01928877309465
0.00599999999993876 1.08070031331595
0.00619999999993721 1.08162136925548
0.00639999999993466 1.04113355783551
0.00659999999993211 1.10836079714414
0.00679999999992981 1.18845802180928
0.00699999999992776 1.18308963889628
0.00719999999992571 1.21473607584544
0.00739999999992316 1.15377513833086
0.00759999999992061 1.09862036129121
0.00779999999991906 1.21684526343834
0.00799999999991726 1.15790916854471
0.00819999999991621 1.1569092789841
0.00839999999991316 1.19444022394126
0.00859999999991086 1.3355008642992
0.00879999999990956 1.25764036238636
0.00899999999990751 1.32350567042957
0.00919999999990521 1.43557802321527
0.00939999999990291 1.40454813951208
0.00959999999990086 1.4022670032868
0.00979999999990007 1.46645167857802
0.00999999999989751 1.39389566826088
0.0101999999998955 1.35402996952956
0.0103999999998934 1.40769647843203
0.0105999999998911 1.36547605764831
0.0107999999998891 1.41137780423857
0.0109999999998865 1.51258065503583
0.0111999999998837 1.40972907834983
0.0113999999998814 1.58284910058016
0.0115999999998804 1.63093751706365
0.0117999999998778 1.59944951213887
0.0119999999998768 1.60005251531536
0.012199999999874 1.59697056283789
0.0123999999998719 1.59589333999551
0.0125999999998701 1.59965637112593
0.0127999999998681 1.62418299752437
0.0129999999998663 1.56910333280764
0.0131999999998637 1.6591241877551
0.0133999999998619 1.68140043586157
0.0135999999998609 1.64719495047356
0.0137999999998583 1.70926653844884
0.0139999999998563 1.74890846644524
0.0141999999998542 1.84617122458991
0.0143999999998519 1.80665368820197
0.0145999999998501 1.75111757940905
0.0147999999998476 1.82897852144181
0.0149999999998448 1.82524705252379
0.0151999999998427 1.74958383744074
0.0153999999998414 1.76413224919142
0.0155999999998391 1.83916506839714
0.0157999999998378 1.84329152566926
0.0159999999998353 1.85309667969208
0.0161999999998327 1.95159452757388
0.0163999999998312 1.92106766942326
0.0165999999998289 2.00595745858947
0.0167999999998268 2.05345974445624
0.0169999999998248 2.00960789856853
0.0171999999998232 1.96222934907533
0.0173999999998219 1.99447028145015
0.0175999999998201 2.06310988664351
0.0177999999998178 2.00437374895188
0.0179999999998145 1.98041044742602
0.018199999999813 2.08498934979339
0.0183999999998117 2.07143275721885
0.0185999999998089 2.12631704269105
0.0187999999998068 2.16317916491621
0.0189999999998048 2.21779766014397
0.0191999999998035 2.21258195749202
0.0193999999998007 2.26630491387988
0.0195999999997991 2.24415186966179
0.0197999999997968 2.2858241632765
0.0199999999997955 2.23421729234415
0.0201999999997935 2.18167164251093
0.0203999999997914 2.17380265338703
0.0205999999997904 2.17536520683443
0.0207999999997886 2.13064848512592
0.020999999999787 2.25067906066322
0.0211999999997855 2.34855328825026
0.0213999999997839 2.34250732615953
0.0215999999997819 2.39188635378237
0.0217999999997801 2.41184631896533
0.0219999999997793 2.40956331721689
0.022199999999778 2.4551181147211
0.0223999999997764 2.42805644655411
0.0225999999997744 2.42294704552097
0.0227999999997733 2.38472453123894
0.0229999999997733 2.38574144775801
0.0231999999997715 2.44498192668125
0.023399999999771 2.39082028185762
0.0235999999997699 2.44782672129652
0.0237999999997691 2.51753172358277
0.0239999999997691 2.48221922228656
0.0241999999997683 2.58740235847537
0.0243999999997685 2.59009278018591
0.0245999999997684 2.63836385547737
0.0247999999997691 2.65661081905145
0.0249999999997688 2.69008692438423
0.0251999999997695 2.64665069017629
0.02539999999977 2.61181396052658
0.0255999999997697 2.56215377080027
0.0257999999997704 2.59210550632538
0.0259999999997723 2.63808220176369
0.0261999999997728 2.62353604096676
0.0263999999997733 2.66100824366092
0.0265999999997737 2.73737746461055
0.0267999999997757 2.75144920606269
0.0269999999997769 2.82927661508185
0.0271999999997786 2.76192401394643
