# Fix print output for fix out1
-1.90668486516279e-15 0.0409836168030024
0.000199999999998207 -0.0339651963490795
0.000399999999997974 0.0805498936694201
0.000599999999998087 0.0465665121950268
0.000799999999998201 0.0894798524189107
0.000999999999997968 0.0348173543997262
0.00119999999999808 0.233973411696153
0.0013999999999982 0.0862815226425201
0.00159999999999796 0.128868735630313
0.00179999999999808 0.096410151160291
0.00199999999999819 0.0829157939909935
0.00219999999999796 0.204276667320226
0.00239999999999807 0.0816934664810965
0.00259999999999818 0.2930480567926
0.00279999999999795 0.111811084584543
0.00299999999999806 0.391632467093072
0.00319999999999818 0.309158203026783
0.00339999999999794 0.456281431611013
0.00359999999999806 0.351735727016763
0.00379999999999817 0.580163102046484
0.00399999999999794 0.512656732503359
0.00419999999999805 0.469726662055904
0.00439999999999817 0.431885060180629
0.00459999999999793 0.498245260498182
0.00479999999999805 0.539252833248787
0.00499999999999816 0.457626549298903
0.00519999999999793 0.604626571405858
0.00539999999999804 0.451127636000728
0.00559999999999815 0.725341353626979
0.00579999999999792 0.535126801155642
0.00599999999999803 0.686122860833033
0.00619999999999815 0.704042858212235
0.00639999999999792 0.782151472219969
0.00659999999999803 0.892072030587565
0.00679999999999814 0.894582461155201
0.00699999999999791 0.952183193218566
0.00719999999999802 0.783996408102431
0.00739999999999814 1.03821314890912
0.00759999999999825 0.856455074051994
0.00779999999999802 0.892689117229948
0.00799999999999813 0.846573890754609
0.00819999999999825 0.801437606495323
0.00839999999999801 0.994613429000034
0.00859999999999812 0.986039742892733
0.00879999999999824 1.02762232624335
0.00899999999999801 1.116617998156
0.00919999999999812 1.15516650168938
0.00939999999999823 1.25477572433011
0.009599999999998 1.21019275633974
0.00979999999999811 1.25354373847867
0.00999999999999823 1.44031305056556
0.010199999999998 1.30370733463197
0.0103999999999981 1.34783823990511
0.0105999999999982 1.25793556791889
0.010799999999998 1.187515036063
0.0109999999999981 1.19630216131826
0.0111999999999982 1.27992579633104
0.011399999999998 1.25931305813336
0.0115999999999981 1.33634827105419
0.0117999999999982 1.38188152701286
0.011999999999998 1.44336323714099
0.0121999999999981 1.50898832583031
0.0123999999999982 1.4904885280221
0.012599999999998 1.53629418360819
0.0127999999999981 1.62276476046399
0.0129999999999982 1.51477307294934
0.013199999999998 1.60180970478036
0.0133999999999981 1.643613651624
0.0135999999999982 1.64500351990396
0.013799999999998 1.68090737155319
0.0139999999999981 1.69078614123863
0.0141999999999982 1.66485212882104
0.014399999999998 1.67980733551746
0.0145999999999981 1.64945974732274
0.0147999999999982 1.8091241958525
0.0149999999999979 1.78903833798847
0.0151999999999981 1.85298194169391
0.0153999999999982 2.00001949160317
0.0155999999999979 1.89279910522282
0.0157999999999981 2.03292935683767
0.0159999999999982 1.74534398459563
0.0161999999999979 1.99077233958006
0.016399999999998 1.80184403452968
0.0165999999999982 1.93011053281615
0.0167999999999979 1.82050444951628
0.016999999999998 2.03760562150843
0.0171999999999982 2.02492798294414
0.0173999999999979 1.95079617862337
0.017599999999998 2.25033495777358
0.0177999999999982 2.05417882779842
0.0179999999999979 2.28434475605097
0.018199999999998 2.09025309239607
0.0183999999999981 2.33803363819533
0.0185999999999979 1.93609789539246
0.018799999999998 2.2611287603061
0.0189999999999981 2.10335956439405
0.0191999999999979 2.07843834234272
0.019399999999998 2.30614866389492
0.0195999999999981 2.11962531063647
0.0197999999999979 2.51438777791296
0.019999999999998 2.14798724289426
0.0201999999999981 2.50272929257326
0.0203999999999979 2.16558512224416
0.020599999999998 2.43147498023616
0.0207999999999981 2.31036419238808
0.0209999999999979 2.34546662098672
0.021199999999998 2.56892544651278
0.0213999999999981 2.3123763137453
0.0215999999999979 2.74731849027391
0.021799999999998 2.43845655061067
0.0219999999999981 2.72711172728822
0.0221999999999982 2.5114183031465
0.022399999999998 2.65138312943363
0.0225999999999981 2.65335364211749
0.0227999999999982 2.47163045642719
0.022999999999998 2.73953397503359
0.0231999999999981 2.45872339499406
0.0233999999999982 2.84765740529437
0.023599999999998 2.52257179317744
0.0237999999999981 2.94065873233492
0.0239999999999982 2.68899528067136
0.024199999999998 3.02876470039173
0.0243999999999981 2.77829177353346
0.0245999999999982 2.81315804024134
0.024799999999998 2.90738698083692
0.0249999999999981 2.70558973115479
0.0251999999999982 2.97538553832094
0.025399999999998 2.67058823217372
0.0255999999999981 2.99511102612859
0.0257999999999982 2.61894653545581
0.025999999999998 2.98104947440775
0.0261999999999981 3.01952387211681
0.0263999999999982 2.99818930254769
0.0265999999999979 3.36446033780218
0.0267999999999981 2.99580557247583
0.0269999999999982 3.46979713140177
0.0271999999999979 2.98243244610327
0.0273999999999981 3.14159067176083
0.0275999999999982 2.90153983337352
0.0277999999999979 3.0641571914662
0.0279999999999981 3.07100736471245
0.0281999999999982 3.02728449447815
0.0283999999999979 3.27306907594512
0.028599999999998 3.26989517038115
0.0287999999999982 3.28783561667089
0.0289999999999979 3.40606239891401
0.029199999999998 3.32697535742276
0.0293999999999982 3.36020361110601
0.0295999999999979 3.36370101799676
0.029799999999998 3.24549625726505
0.0299999999999981 3.2151400534404
0.0301999999999979 3.0976491244077
0.030399999999998 3.233129042368
0.0305999999999981 3.1212987379616
0.0307999999999979 3.43256591490619
0.030999999999998 3.39061534118081
0.0311999999999981 3.63698544807729
0.0313999999999979 3.63898941315676
0.031599999999998 3.48143816576195
0.0317999999999981 3.70787412606126
0.0319999999999979 3.40637657533126
0.032199999999998 3.68347591318257
0.0323999999999981 3.31280612764
0.0325999999999979 3.63471468011046
0.032799999999998 3.41460746513236
0.0329999999999981 3.52669234479279
0.0331999999999979 3.55574807312701
0.033399999999998 3.65221092950135
0.0335999999999981 3.74772638923408
0.0337999999999979 3.70744048699833
0.033999999999998 3.81228420383028
0.0341999999999981 3.75093414696491
0.0343999999999979 3.50487973501496
0.034599999999998 3.64935267252135
0.0347999999999981 3.44761923252649
0.0349999999999979 3.77901257617139
0.035199999999998 3.55332163150008
0.0353999999999981 3.77834221141665
0.0355999999999979 3.81781415313168
0.035799999999998 3.83529408261692
0.0359999999999981 3.89303832733135
0.0361999999999982 3.81323641689475
0.036399999999998 3.93626382726494
0.0365999999999981 3.86028771879958
0.0367999999999978 3.76861566090864
0.036999999999998 3.94878684827927
0.0371999999999981 3.82946067190518
0.0373999999999982 4.12207415519028
0.037599999999998 3.86126273430981
0.0377999999999981 4.11291837137848
0.0379999999999982 3.96080432741166
0.038199999999998 4.06989237488783
0.0383999999999981 3.87669830216544
0.0385999999999982 4.14572506755247
0.0387999999999979 4.08854479312274
0.0389999999999981 4.17825622580983
0.0391999999999982 4.15970643222401
0.0393999999999979 4.07476500908997
0.0395999999999981 4.0763900947993
0.0397999999999982 3.9747179490888
0.0399999999999979 4.17523805176556
0.040199999999998 4.02139131718825
0.0403999999999982 4.18747429669857
0.0405999999999979 4.09332371192998
0.040799999999998 4.16973195890103
0.0409999999999982 4.55263572142105
0.0411999999999979 4.17278326679467
0.041399999999998 4.54390372219979
0.0415999999999982 4.11205021274209
0.0417999999999979 4.34319848671636
0.041999999999998 4.12504999054989
0.0421999999999981 3.98461831127611
0.0423999999999979 4.26351561035063
0.042599999999998 4.03493788727636
0.0427999999999981 4.35662659395215
0.0429999999999979 4.3100355109305
0.043199999999998 4.472619817257
0.0433999999999981 4.68960664176023
0.0435999999999979 4.37567493800703
0.043799999999998 4.71684277170458
0.0439999999999981 4.32412803617651
0.0441999999999979 4.51351997625015
0.044399999999998 4.50709136674713
0.0445999999999981 4.28944593635369
0.0447999999999979 4.48246380043653
0.044999999999998 4.31213130604191
0.0451999999999981 4.57519070061276
0.0453999999999979 4.45142755372106
0.045599999999998 4.59014764535186
0.0457999999999981 4.54069487766074
0.0459999999999979 4.70159944142345
0.046199999999998 4.81534784084908
0.0463999999999981 4.58565091850267
0.0465999999999979 4.8627835202184
0.046799999999998 4.4937168637479
0.0469999999999981 4.76121044403729
0.0471999999999979 4.52786330942409
0.047399999999998 4.62542280956891
0.0475999999999981 4.61519665956961
0.0477999999999979 4.64636584576161
0.047999999999998 4.89402052640789
0.0481999999999981 4.82493167517812
0.0483999999999979 4.90008639976841
0.048599999999998 4.90920460904552
0.0487999999999981 4.93435077069483
0.0489999999999978 4.76419758744398
0.049199999999998 4.63390008815194
0.0493999999999981 4.77756070255468
0.0495999999999978 4.62415349034614
0.049799999999998 4.92467204706305
0.0499999999999981 4.94100712734283
0.0501999999999978 4.99471697161393
0.0503999999999979 4.95591488543605
0.0505999999999981 5.01792549268012
0.0507999999999978 5.02313738262458
0.0509999999999979 4.88638573011863
0.0511999999999981 4.70832108907461
0.0513999999999978 4.66861920871853
0.0515999999999979 4.82766062928564
0.051799999999998 4.83821446416991
0.0519999999999982 5.18517982363326
0.0521999999999979 5.03328158178922
0.052399999999998 5.26890528839995
0.0525999999999982 5.2555290567457
0.0527999999999979 4.96782057182554
0.052999999999998 4.92600009489855
0.0531999999999982 4.56820973928649
0.0533999999999979 4.69895092906085
0.053599999999998 4.91218738217641
0.0537999999999981 5.00473370787361
0.0539999999999979 5.26731530469097
0.054199999999998 5.19095283423304
0.0543999999999981 5.4230080664903
0.0545999999999979 5.05716386893918
0.054799999999998 5.16555567320658
0.0549999999999981 4.91285834475411
0.0551999999999979 4.95802456436141
0.055399999999998 4.99498919138154
0.0555999999999981 4.91056345537637
0.0557999999999979 5.3856958606109
0.055999999999998 5.46655420540035
0.0561999999999981 5.4323408932395
0.0563999999999979 5.42799209340241
0.056599999999998 5.25390328685425
0.0567999999999981 5.13238377800802
0.0569999999999979 4.97235586762057
0.057199999999998 5.09222160031532
0.0573999999999981 5.25365512733887
0.0575999999999979 5.08597323648212
0.057799999999998 5.29983820523291
0.0579999999999981 5.21119754309844
0.0581999999999979 5.34226501968579
0.058399999999998 5.11557394708596
0.0585999999999981 5.11192819710897
0.0587999999999979 5.14490269025449
0.058999999999998 4.92211089288345
0.0591999999999981 5.10383272716901
0.0593999999999979 5.1748075057124
0.059599999999998 5.40643253166381
0.0597999999999981 5.5931232405248
0.0599999999999979 5.40344814759685
0.060199999999998 5.42044755008198
0.0603999999999981 5.31499769281757
0.0605999999999979 5.04785953262485
0.060799999999998 5.31230728121825
0.0609999999999981 5.15236064551708
0.0611999999999978 5.27889636081239
0.061399999999998 5.52976522005146
0.0615999999999981 5.56338522959269
0.0617999999999978 5.8160647410631
0.061999999999998 5.34072028716353
0.0621999999999981 5.29250610756039
0.0623999999999978 5.22530607345899
0.0625999999999979 5.06154163990421
0.0627999999999981 5.39126711180811
0.0629999999999978 5.47202540575559
0.0631999999999979 5.60825767137762
0.0633999999999981 5.89791439968059
0.0635999999999978 5.62975503584181
0.0637999999999979 5.51015377206959
0.063999999999998 5.34753800169995
0.0641999999999978 5.24402939658895
0.0643999999999979 5.44963571652763
0.064599999999998 4.92202667442544
0.0647999999999978 5.65555954452165
0.0649999999999979 5.55253266122906
0.065199999999998 5.77900924856315
0.0653999999999978 5.88360695056996
0.0655999999999979 5.28106441325722
0.065799999999998 5.20568059616852
0.0659999999999978 5.17941149661099
0.0661999999999979 5.47424508711428
0.066399999999998 5.44031066554952
0.0665999999999981 5.65133182648641
0.0667999999999979 5.74079103676012
0.066999999999998 5.65605048094589
0.0671999999999978 5.64610611688792
0.0673999999999979 5.46729283042797
0.067599999999998 5.33305990572587
0.0677999999999981 5.4806099158636
0.0679999999999979 5.35786961158914
0.068199999999998 5.69588767516621
0.0683999999999981 6.11433186942447
0.0685999999999979 5.97678037893969
0.068799999999998 6.11386505602325
0.0689999999999981 5.64429536358906
0.0691999999999979 5.48018482120488
0.069399999999998 5.67538562597621
0.0695999999999981 5.31652712613943
0.0697999999999979 5.82783931410288
0.069999999999998 5.83152801571744
0.0701999999999981 5.60597968129849
0.0703999999999979 6.07307820597872
0.070599999999998 5.78178658008001
0.0707999999999981 5.54710381485831
0.0709999999999979 5.45631116526863
0.071199999999998 5.57524933068774
0.0713999999999981 5.81746522878149
0.0715999999999979 5.60249156054909
0.071799999999998 5.84966998738465
0.0719999999999981 6.10895135475728
0.0721999999999978 5.74005315922447
0.072399999999998 5.5520000501509
0.0725999999999981 5.62802733034984
0.0727999999999978 5.4581808222706
0.072999999999998 5.58487410595995
0.0731999999999981 5.62355613145246
0.0733999999999978 5.58271360608183
0.073599999999998 5.45212855535323
0.0737999999999981 5.54114084387893
0.0739999999999978 5.00567189396119
0.0741999999999979 5.16291167261407
0.0743999999999981 4.57573750382245
0.0745999999999978 3.65930663780763
