# Fix print output for fix out1
2.26912551445345e-15 -0.307267299375838
0.00020000000000227 -0.372465635441369
0.000400000000002272 -0.250798250849767
0.000600000000002273 -0.286835050729136
0.000800000000002274 -0.324640903840747
0.00100000000000228 -0.297058763224606
0.00120000000000228 -0.289132824027611
0.00140000000000228 -0.231856111693441
0.00160000000000228 -0.185829141790938
0.00180000000000228 -0.24542464282318
0.00200000000000228 -0.301693112946969
0.00220000000000228 -0.234404949067921
0.00240000000000228 -0.152695872455713
0.00260000000000229 -0.193220526416244
0.00280000000000229 -0.0881249399600759
0.00300000000000229 -0.0110164780521699
0.00320000000000229 0.207737665320468
0.00340000000000229 0.160817097218446
0.00360000000000229 0.191714492910725
0.00380000000000229 0.233412886751789
0.0040000000000023 0.385617593456759
0.0042000000000023 0.343371237178252
0.0044000000000023 0.40354180126025
0.0046000000000023 0.405633478953209
0.0048000000000023 0.491675627476833
0.0050000000000023 0.487281572594487
0.0052000000000023 0.387335988225385
0.0054000000000023 0.424437561114355
0.00560000000000231 0.275965097285163
0.00580000000000231 0.235449498997335
0.00600000000000231 0.375479390504308
0.00620000000000231 0.321924024755688
0.00640000000000231 0.504046874437456
0.00660000000000231 0.57744739378126
0.00680000000000231 0.77597696326867
0.00700000000000231 0.837442638904094
0.00720000000000232 0.915614269585867
0.00740000000000232 0.891090772679458
0.00760000000000232 1.02743589813931
0.00780000000000232 0.880921763774561
0.00800000000000232 0.989741418139563
0.00820000000000232 1.02266840373167
0.00840000000000232 0.996902724250066
0.00860000000000232 0.903811388817845
0.00880000000000233 1.07381411380698
0.00900000000000233 0.938042595037125
0.00920000000000233 0.859013260197067
0.00940000000000233 1.04910547764799
0.00960000000000233 1.07633675316883
0.00980000000000233 1.20993136545419
0.0100000000000023 1.24593577580758
0.0102000000000023 1.29375901025723
0.0104000000000023 1.32020593504698
0.0106000000000023 1.3772422117694
0.0108000000000023 1.50223857982741
0.0110000000000023 1.38507299455661
0.0112000000000023 1.4935192540067
0.0114000000000023 1.40910048573563
0.0116000000000023 1.50921321004541
0.0118000000000023 1.45506490192079
0.0120000000000023 1.50510370853116
0.0122000000000023 1.51982836134178
0.0124000000000023 1.49496844935902
0.0126000000000024 1.66332837099932
0.0128000000000024 1.78208632531242
0.0130000000000024 1.74197091995462
0.0132000000000024 1.82356832569419
0.0134000000000024 1.90869970395813
0.0136000000000024 1.85120147359041
0.0138000000000024 1.88553238388305
0.0140000000000024 1.98659523054912
0.0142000000000024 1.8987739262307
0.0144000000000024 2.07614073317193
0.0146000000000024 2.13589528505905
0.0148000000000024 2.06776795250666
0.0150000000000024 1.99579529846983
0.0152000000000024 2.0447290187802
0.0154000000000024 2.12417157157638
0.0156000000000024 2.00996184622013
0.0158000000000024 2.18453718081094
0.0160000000000024 2.27924169626598
0.0162000000000024 2.31535457324588
0.0164000000000024 2.28927598254696
0.0166000000000024 2.51913649807972
0.0168000000000024 2.32915726812126
0.0170000000000024 2.46260062444458
0.0172000000000024 2.49501612019992
0.0174000000000024 2.53705157893168
0.0176000000000024 2.40059019945035
0.0178000000000024 2.57218529844219
0.0180000000000024 2.54188168477242
0.0182000000000024 2.59766149229057
0.0184000000000024 2.47897026989718
0.0186000000000024 2.59717518682719
0.0188000000000024 2.59317491092332
0.0190000000000024 2.67513769343558
0.0192000000000024 2.86357922968236
0.0194000000000024 2.74907278048737
0.0196000000000024 2.80992664956045
0.0198000000000024 2.92632334339409
0.0200000000000024 3.03825239425776
0.0202000000000024 2.99073901839048
0.0204000000000024 3.07909710176556
0.0206000000000024 2.97892549910723
0.0208000000000024 2.85028293574768
0.0210000000000024 2.84468952246737
0.0212000000000024 2.9366706858414
0.0214000000000024 2.95833977317475
0.0216000000000024 2.94091740276908
0.0218000000000024 3.00713792697489
0.0220000000000024 3.14162247749872
0.0222000000000024 3.19252216448793
0.0224000000000024 3.2253863548796
0.0226000000000024 3.26169619342706
0.0228000000000024 3.29304781819203
0.0230000000000024 3.4310506290767
0.0232000000000024 3.45796340507671
0.0234000000000024 3.3849711041076
0.0236000000000024 3.58486138158886
0.0238000000000024 3.57401897738437
0.0240000000000024 3.57466803198248
0.0242000000000024 3.46513414635385
0.0244000000000024 3.37857529363007
0.0246000000000024 3.48939762417824
0.0248000000000024 3.46696506809274
0.0250000000000024 3.64200764070313
0.0252000000000024 3.59995999954539
0.0254000000000024 3.6304447248835
0.0256000000000024 3.64629155398191
0.0258000000000024 3.81427910099554
0.0260000000000024 3.80851491345311
0.0262000000000024 3.9128929850011
0.0264000000000024 3.92823638796967
0.0266000000000024 3.9232923486154
0.0268000000000024 4.05005646296123
0.0270000000000024 3.95175797233206
0.0272000000000024 3.90374159060484
0.0274000000000024 4.11448935218906
0.0276000000000024 4.02291440855498
0.0278000000000024 4.08611180819848
0.0280000000000025 4.10413999635168
0.0282000000000024 4.19905018531868
0.0284000000000025 4.21633018650685
0.0286000000000025 4.27349787335764
0.0288000000000025 4.29160009385557
0.0290000000000025 4.33027902298491
0.0292000000000025 4.37843832540997
0.0294000000000025 4.38452830568157
0.0296000000000025 4.54371214398624
0.0298000000000025 4.59714268212924
0.0300000000000025 4.54447813280424
0.0302000000000025 4.60399980752091
0.0304000000000025 4.5869212519099
0.0306000000000025 4.73115330833063
0.0308000000000025 4.62723951166377
0.0310000000000025 4.70696470081039
0.0312000000000025 4.66374364034648
0.0314000000000025 4.50877798462249
0.0316000000000025 4.71186757652225
0.0318000000000025 4.67676210495247
0.0320000000000025 4.72885577553207
0.0322000000000025 4.78321572452257
0.0324000000000025 4.74418521586378
0.0326000000000025 4.83342445297997
0.0328000000000025 4.88946794957496
0.0330000000000025 5.0440364905217
0.0332000000000025 5.14333307933225
0.0334000000000025 4.97441013919686
0.0336000000000025 5.19282587462718
0.0338000000000025 5.12178474429103
0.0340000000000025 5.06882670072055
0.0342000000000025 5.06379389957769
0.0344000000000025 5.10623654300286
0.0346000000000025 5.09992851467918
0.0348000000000025 5.06555757686196
0.0350000000000025 5.12575897694651
0.0352000000000025 5.12285826141718
0.0354000000000025 5.21155326637518
0.0356000000000025 5.42958576800601
0.0358000000000025 5.48072743601423
0.0360000000000025 5.44338561295025
0.0362000000000025 5.53085826783058
0.0364000000000025 5.70417880006725
0.0366000000000025 5.61460148733633
0.0368000000000025 5.63892533559139
0.0370000000000025 5.63965732674525
0.0372000000000025 5.55392601111983
0.0374000000000025 5.32967057035045
0.0376000000000025 5.42213581360785
0.0378000000000025 5.4082657520912
0.0380000000000025 5.50473105822079
0.0382000000000025 5.5844224912906
0.0384000000000025 5.63649735440553
0.0386000000000025 5.84811010802046
0.0388000000000025 5.89646755704319
0.0390000000000025 5.89826919823438
0.0392000000000025 6.08123895613641
0.0394000000000025 6.03559740314614
0.0396000000000025 6.16926467774739
0.0398000000000025 6.22931349670446
0.0400000000000025 5.9206114320973
0.0402000000000025 6.02790896951001
0.0404000000000025 5.94925474587133
0.0406000000000025 6.01679652044464
0.0408000000000025 5.97783240309887
0.0410000000000025 6.07565103136502
0.0412000000000025 5.9979936057593
0.0414000000000025 6.10552392896275
0.0416000000000025 6.04732829279202
0.0418000000000025 6.18612610515557
0.0420000000000025 6.18275745093171
0.0422000000000025 6.14433926492031
0.0424000000000025 6.27294147427778
0.0426000000000025 6.39317460596151
0.0428000000000025 6.46777073001173
0.0430000000000025 6.38322227377067
0.0432000000000025 6.24966744759677
0.0434000000000025 6.26194648747429
0.0436000000000025 6.29612109747021
0.0438000000000026 6.34012969071863
0.0440000000000026 6.27122236135282
0.0442000000000026 6.48317116504316
0.0444000000000026 6.55946664229065
0.0446000000000026 6.62374677114262
0.0448000000000026 6.59250013835758
0.0450000000000024 6.59517719399334
0.0452000000000026 6.6972529044701
0.0454000000000026 6.8751679805729
0.0456000000000026 6.66327673729237
0.0458000000000024 6.64132634678397
0.0460000000000024 6.68088508059762
0.0462000000000024 6.77484431583925
0.0464000000000024 6.61776703705307
0.0466000000000024 6.72080987545006
0.0468000000000024 6.69218613748622
0.0470000000000024 6.94317311952645
0.0472000000000024 7.02034791271688
0.0474000000000024 7.07080089400387
0.0476000000000024 7.03893550689554
0.0478000000000024 7.05854308731219
0.0480000000000024 6.93768488638899
0.0482000000000024 6.88477159309979
0.0484000000000024 7.07922417183527
0.0486000000000024 7.06322274161832
0.0488000000000024 6.93487335104587
0.0490000000000024 7.16465057846297
0.0492000000000024 7.28893060693617
0.0494000000000024 7.24115876051123
0.0496000000000024 7.2861159208952
0.0498000000000024 7.31649810414251
0.0500000000000024 7.22832705524611
0.0502000000000024 7.34849256932162
0.0504000000000024 7.43538576493261
0.0506000000000024 7.23041043492438
0.0508000000000024 7.4221974795387
0.0510000000000024 7.25612382905274
0.0512000000000024 7.23754897714196
0.0514000000000024 7.18437025677454
0.0516000000000024 7.38252896904107
0.0518000000000024 7.4538025310406
0.0520000000000024 7.41542464813341
0.0522000000000024 7.66351001102019
0.0524000000000024 7.72832066905189
0.0526000000000024 7.63568861255854
0.0528000000000024 7.50824173186445
0.0530000000000024 7.74535291973207
0.0532000000000024 7.7804316835239
0.0534000000000024 7.48130149420247
0.0536000000000024 7.69406833469541
0.0538000000000024 7.68523241032489
0.0540000000000024 7.60407267295281
0.0542000000000024 7.69880446366102
0.0544000000000024 7.65778602197381
0.0546000000000024 7.79384873734773
0.0548000000000024 7.72249929960162
0.0550000000000024 7.90565550599897
0.0552000000000024 7.99135884874349
0.0554000000000024 7.84155561211617
0.0556000000000024 7.81882478290007
0.0558000000000024 7.91660899569088
0.0560000000000024 7.93839703722222
0.0562000000000024 8.02271887650799
0.0564000000000024 7.94438913623382
0.0566000000000024 7.93505700260909
0.0568000000000024 7.85621744317033
0.0570000000000024 7.96455628257387
0.0572000000000025 8.07179528510602
0.0574000000000024 7.87774128811125
0.0576000000000024 7.90649503222431
0.0578000000000025 7.87825453736692
0.0580000000000025 8.05098082914021
0.0582000000000025 8.08476570194679
0.0584000000000025 8.13442333056964
0.0586000000000025 8.30743338902655
0.0588000000000025 8.35303569894853
0.0590000000000025 8.32633576392174
0.0592000000000025 7.98854644438844
0.0594000000000025 8.30441660024339
0.0596000000000025 8.32824732402705
0.0598000000000025 8.07019207480689
0.0600000000000025 8.09275321599476
0.0602000000000025 8.27142718274201
0.0604000000000025 8.23846105678166
0.0606000000000025 8.45662661493638
0.0608000000000025 8.48596931565648
0.0610000000000025 8.41543871005463
0.0612000000000025 8.50799545963621
0.0614000000000025 8.48669982820327
0.0616000000000025 8.60250742463727
0.0618000000000025 8.54380461607173
0.0620000000000025 8.57795460641631
0.0622000000000025 8.55029360016802
0.0624000000000025 8.60119106256838
0.0626000000000025 8.57119180269025
0.0628000000000025 8.64881893732107
0.0630000000000025 8.59472023961602
0.0632000000000025 8.49188500978412
0.0634000000000025 8.84371259119319
0.0636000000000025 8.96608077255161
0.0638000000000025 8.64291203093115
0.0640000000000025 8.74643078308343
0.0642000000000025 8.81548267219211
0.0644000000000025 8.8237391703468
0.0646000000000025 8.63477247922557
0.0648000000000025 8.83565250643536
0.0650000000000025 8.76905884890964
0.0652000000000025 8.87056519995235
0.0654000000000025 8.90543355719042
0.0656000000000025 8.83127328816603
0.0658000000000025 8.70831289718178
0.0660000000000025 8.93850405133483
0.0662000000000025 9.05005644255302
0.0664000000000025 9.06650887368613
0.0666000000000025 8.8799349034624
0.0668000000000025 9.22583985691527
0.0670000000000025 9.2127890388475
0.0672000000000025 9.09614578015888
0.0674000000000025 9.13147401812415
0.0676000000000025 9.30252724668931
0.0678000000000025 9.25977197900478
0.0680000000000025 9.12423231105122
0.0682000000000025 8.99053669963983
0.0684000000000025 8.98660417482719
0.0686000000000025 9.22078383312393
0.0688000000000025 9.12344791027082
0.0690000000000025 9.31551001042208
0.0692000000000025 9.39311856504192
0.0694000000000025 9.37289130660876
0.0696000000000025 9.11423170575823
0.0698000000000025 9.42957412060799
0.0700000000000025 9.2180235844084
0.0702000000000025 9.16270124718713
0.0704000000000025 9.23217753274777
0.0706000000000025 9.15681880207836
0.0708000000000025 9.30102802543846
0.0710000000000025 9.19803869371416
0.0712000000000025 9.24711707032781
0.0714000000000025 9.49750688806093
0.0716000000000025 9.58950804810679
0.0718000000000025 9.33856646181642
0.0720000000000025 9.57136145016607
0.0722000000000025 9.47888838367357
0.0724000000000025 9.34483295358931
0.0726000000000026 9.60168475806227
0.0728000000000025 9.52351918953678
0.0730000000000025 9.673212035394
0.0732000000000026 9.42278182246504
0.0734000000000025 9.64194693725914
0.0736000000000026 9.74962183685945
0.0738000000000026 9.40361870505939
0.0740000000000025 9.61252343110733
0.0742000000000026 9.73529606369055
0.0744000000000026 9.67810522979148
0.0746000000000026 9.99652819418029
0.0748000000000026 9.81148495937235
0.0750000000000026 9.68319153302704
0.0752000000000026 9.9133514460028
0.0754000000000026 9.88438236885787
0.0756000000000026 9.79648826593427
0.0758000000000026 9.85388343778675
0.0760000000000026 9.88319055778941
0.0762000000000026 10.0783370899381
0.0764000000000026 9.8907520345763
0.0766000000000026 9.81003844947158
0.0768000000000026 9.86124613416848
0.0770000000000026 9.76393583187569
0.0772000000000026 9.78844254594259
0.0774000000000026 9.89932585389571
0.0776000000000026 10.054944159716
0.0778000000000026 10.0608508685148
0.0780000000000026 9.9123687596367
0.0782000000000026 10.1504722365851
0.0784000000000026 10.0697088253099
0.0786000000000026 10.1547704486486
0.0788000000000026 10.0702457943374
0.0790000000000026 10.0567153782509
0.0792000000000026 9.84003404909571
0.0794000000000026 9.96937622608839
0.0796000000000026 10.0597038123463
0.0798000000000026 9.99044335816534
0.0800000000000026 10.1241798772749
0.0802000000000026 10.2125273144144
0.0804000000000026 10.1170835257089
0.0806000000000026 9.97734310488521
0.0808000000000026 10.1166994951868
0.0810000000000026 10.1063047150946
0.0812000000000026 10.0031631160202
0.0814000000000026 9.95175182035457
0.0816000000000026 10.2584137687448
0.0818000000000026 10.2510388907902
0.0820000000000026 10.0328423805286
0.0822000000000026 10.2374500265735
0.0824000000000026 10.3396705677455
0.0826000000000026 10.3596386126501
0.0828000000000026 10.3191278189318
0.0830000000000026 10.2181845871972
0.0832000000000026 10.2292408754314
0.0834000000000026 10.3097306972103
0.0836000000000026 10.1374362363933
0.0838000000000026 9.97815217819001
0.0840000000000026 10.2710096348495
0.0842000000000026 10.3066592595352
0.0844000000000026 10.1312705542638
0.0846000000000026 10.3712183723009
0.0848000000000026 10.5550641180738
0.0850000000000026 10.6317821977084
0.0852000000000026 10.4249345318696
0.0854000000000026 10.2816315301712
0.0856000000000026 10.4135151283475
0.0858000000000026 10.4550459403909
0.0860000000000026 10.3771630002171
0.0862000000000026 10.5730984389777
0.0864000000000026 10.4971431266679
0.0866000000000026 10.7150936925434
0.0868000000000026 10.6482984052373
0.0870000000000026 10.6498676647998
0.0872000000000026 10.5557113077493
0.0874000000000026 10.3769202550548
0.0876000000000026 10.6759078763333
0.0878000000000026 10.7433906503809
0.0880000000000026 10.4587369577641
0.0882000000000027 10.5362175820913
0.0884000000000026 10.81275382441
0.0886000000000026 10.6866224654356
0.0888000000000027 10.5407046213407
0.0890000000000025 10.6846859893618
0.0892000000000027 10.6976438855253
0.0894000000000025 10.4187855993623
0.0896000000000025 10.6148209647004
0.0898000000000027 10.5112140147235
0.0900000000000025 10.6553250291297
0.0902000000000025 10.7151812809799
0.0904000000000025 10.6347994204743
0.0906000000000025 10.6961492792739
0.0908000000000027 10.4497349598935
0.0910000000000025 10.8418306928772
0.0912000000000025 10.7327675797377
0.0914000000000025 10.7522275831821
0.0916000000000025 10.8841810807326
0.0918000000000025 10.682372981843
0.0920000000000025 10.7216397391902
0.0922000000000025 10.9057781597161
0.0924000000000025 10.9618976091244
0.0926000000000025 10.8445855212
0.0928000000000025 11.0035618116777
0.0930000000000025 10.8936760678005
0.0932000000000025 11.0073744532469
0.0934000000000025 11.065372339594
0.0936000000000025 10.7722310434528
0.0938000000000025 10.7920566877979
0.0940000000000025 11.2144428551606
0.0942000000000025 11.1276196551549
0.0944000000000025 11.071073874769
0.0946000000000025 11.1584610851929
0.0948000000000025 11.246755506716
0.0950000000000025 11.033721806897
0.0952000000000025 11.2177061061984
0.0954000000000025 11.0775780342225
0.0956000000000025 11.1673732774809
0.0958000000000025 10.9996865708853
0.0960000000000025 11.114601569012
0.0962000000000025 11.1674597309688
0.0964000000000025 11.0679326459729
0.0966000000000025 11.1995498001316
0.0968000000000025 11.0337842165125
0.0970000000000025 11.1097508693543
0.0972000000000025 11.3151706279579
0.0974000000000025 11.2698620658814
0.0976000000000025 11.1380694678648
0.0978000000000025 10.8949818538688
0.0980000000000025 11.1013372548108
0.0982000000000025 11.0256891181998
0.0984000000000025 11.180849740512
0.0986000000000025 11.2764829800043
0.0988000000000025 11.237461039348
0.0990000000000025 11.2490920315374
0.0992000000000025 11.4187530837775
0.0994000000000025 11.7182426920925
0.0996000000000025 11.3715202042821
0.0998000000000025 11.3914632942024
0.100000000000003 11.2383608539502
0.100200000000003 11.2374826629036
0.100400000000003 11.1684333596952
0.100600000000003 11.2469194500539
0.100800000000003 11.2042270063185
0.101000000000003 11.3133242482991
0.101200000000003 11.4383290355587
0.101400000000003 11.2095720281583
0.101600000000003 11.1380378822566
0.101800000000003 11.2535090685215
0.102000000000003 11.2928497902343
0.102200000000003 11.3969769240007
0.102400000000003 11.4503718813134
0.102600000000003 11.3227620361568
0.102800000000003 11.4444376614153
0.103000000000003 11.7306172769706
0.103200000000003 11.84176028154
0.103400000000003 11.5867065997999
0.103600000000003 11.3180587266596
0.103800000000003 11.2279199585616
0.104000000000003 11.264081769474
0.104200000000003 11.4110272584278
0.104400000000003 11.3697566197659
0.104600000000003 11.5021146291313
0.104800000000003 11.6775686737115
0.105000000000003 11.5053552672634
0.105200000000003 11.6144589727736
0.105400000000003 11.4751431034525
0.105600000000003 11.6229085702316
0.105800000000003 11.6455628741151
0.106000000000003 11.6546094368871
0.106200000000003 11.4737922881639
0.106400000000003 11.3668244858468
0.106600000000003 11.7738307754601
0.106800000000003 11.8337894371034
0.107000000000003 11.8119414315565
0.107200000000003 11.6495376471251
0.107400000000003 11.6455814572292
0.107600000000003 11.7704871017452
0.107800000000003 11.7270669913845
0.108000000000003 11.41243022824
0.108200000000003 11.7917183335741
0.108400000000003 11.887593226541
0.108600000000003 11.6771260834637
0.108800000000003 11.6220835160247
0.109000000000003 11.7832145602386
0.109200000000003 12.0546929453559
0.109400000000003 11.472135191597
0.109600000000003 11.519286854647
0.109800000000003 11.4040390906508
0.110000000000003 11.3073891804744
0.110200000000003 11.566218982228
0.110400000000003 11.6454595704104
0.110600000000003 11.5026069418445
0.110800000000003 11.2846575152409
0.111000000000003 11.3930116784802
0.111200000000003 10.9529077868294
0.111400000000003 9.72877046879717
